mz	logp	psa
75.096458	1.24	55.400000000000006
78.958755
81.70435
87.040894
87.876038
88.57719
91.18782
92.919777
92.993736
93.920334
93.997002
94.916969
94.918274
94.99025
100.973427
101.975006
103.12278
103.99067
103.992668
104.308235
123.34888
130.799835
133.986374
134.001511
136.017151
136.91001
136.983749
137.910385
137.913452
137.987183
138.019897
138.05604
138.871277
138.90698
139.994141
140.978134
146.868744
149.140945
149.581161
151.243408
151.81311
151.957809
155.882568
159.451523
175.893219
181.83766
181.977295
182.004684
182.00932
184.10884
188.843765
