mz	logp	psa
70.171921	4.2569	88.91000
70.367195
70.84397
71.776566
72.251167
73.75458
78.89943
78.91839
78.937012
80.831085
85.60508
87.608498
90.827179
91.53722
91.694847
94.503052
95.038841
96.783012
96.818245
100.258865
101.603439
107.34462
119.476387
127.99081
127.993217
143.30072
144.940994
148.051834
157.930893
158.319427
165.940292
166.00676
188.931305
201.884369
201.96263
202.038193
202.859238
215.03862
222.12822
223.02832
223.033005
232.027954
236.3992
251.669174
272.059418
293.02359
296.358307
298.909241
300.671875
305.10937
308.037323
312.210968
337.933838
350.757385
350.9664
386.965302
446.247223
483.708984
