mz	logp	psa
75.810188	7.093000000	80.320000
78.770966
88.226799
93.014473
102.751106
104.686234
110.041191
113.020851
113.02253
120.560463
136.020569
155.240372
156.02677
158.21177
172.330139
173.952362
174.959961
179.98384
180.05658
186.881439
187.267944
194.287292
194.626816
195.978882
199.955582
199.95961
201.057053
211.109894
219.540726
225.886993
236.346619
260.37915
261.921295
262.527496
271.291656
282.989349
284.987823
293.977234
294.96109
318.966492
338.974304
354.942871
364.468842
366.029388
379.937714
395.536469
401.272736
402.007721
402.991852
445.99704
473.959595
474.944519
481.972229
488.010956
494.9508
517.95166
517.971
537.478149
545.672913
