mz	logp	psa
73.00779	2.7419200000000004	32.34
74.352699
74.530289
76.778877
76.89547
78.580162
78.96534
81.375626
86.988396
92.927948
92.995529
94.626259
94.924965
94.99359
96.976158
99.005241
100.862183
102.654114
104.99585
106.504059
107.017021
107.219978
108.622887
109.012657
110.500031
114.581589
115.000389
116.995911
119.198463
120.036079
120.99073
121.164803
123.005325
127.00014
130.992752
132.970947
140.996048
142.992905
142.9953
143.01152
144.990662
146.990036
147.006516
150.988892
151.00032
154.992981
163.000992
163.017776
163.025711
164.54454
166.996613
167.012482
167.03244
167.107727
170.987686
170.990952
171.00679
179.020615
181.01619
182.987457
189.040955
190.992996
191.012939
191.056976
193.052582
199.229431
209.067017
210.982666
210.998627
211.003006
211.018677
211.063324
211.099167
211.134628
223.807495
224.227295
225.277191
