mz	logo	psa
70.484657	0.65319999999999	92.45
72.398
78.6424
85.9992
91.12598
92.02494
95.0248
96.68489
97.8534
98.3386
101.09223
105.75764
110.0122
110.981
111.00226
111.2302
113.0177
117.949
117.95242
119.036
122.03606
122.9895
125.0052
125.989
131.5373
132.044
133.0521
134.3114
135.9973
137.0055
138.013
139.02
139.0263
141.012
146.8511
148.993
150.0007
150.0038
151.008
157.1927
157.41262
157.71
159.4249
163.008
164.016
165.024
166.0321
167.1774
168.023
178.61523
182.8536
184.01721
193.4271
195.0222
202.1295
212.0251
214.53779
243.0496
248.0022
