name	mz		CNSkind	smiles	cLogP	PolarSurface,Area
acetaminophen	109.0512		CNS	CC(Nc(cc1)ccc1O)=O	1.0176	49.33
	110.0593					
	134.0587					
	135.0626					
	152.0691					
	153.0725					
acetophenazine	143.1179		CNS	CC(c(cc1)cc2c1Sc(cccc1)c1N2CCCN1CCN(CCO)CC1)=O	3.4301	72.32
	171.1491					
	254.063					
	412.2031					
alfentanil	99.0632		CNS	CCC(N(C1(COC)CCN(CCN2N=NN(CC)C2=O)CC1)c1ccccc1)=O	2.1214	81.05
	150.0917					
	165.1029					
	170.1044					
	197.1295					
	236.151					
	268.177					
	314.1874					
	346.2147					
	385.2368					
	417.263					
amisulopride	112.1118		CNS	CCN1[C@@H](CNC(c(c(OC)c2)cc(S(CC)(=O)=O)c2N)=O)CCC1	0.6656	110.11
	129.138					
	155.1167					
	196.0057					
	214.0156					
	242.0484					
	243.0509					
	244.0449					
	370.181					
	371.1827					
	372.1784					
amitriptyline	115.0536		CNS	CN(C)CCC=C(c1c(CC2)cccc1)c1c2cccc1	4.4056	3.24
	117.0693					
	118.0725					
	129.0689					
	141.0687					
	155.0844					
	156.0874					
	178.0763					
	179.084					
	191.0847					
	192.0888					
	193.0997					
	203.0845					
	204.0925					
	205.1002					
	206.1035					
	207.1153					
	218.1082					
	219.1113					
	231.1159					
	233.1318					
	234.1353					
	235.1386					
	278.1902					
	279.1933					
	280.1964					
anileridine	120.0808		CNS	CCOC(C1(CCN(CCc(cc2)ccc2N)CC1)c1ccccc1)=O	3.2426	55.56
	353.222					
aminophylline	39.1		CNS	CN(c1c(C(N2C)=O)[nH]cn1)C2=O	-0.3112	69.3
	41.3					
	55.2					
	58.4					
	59.3					
	61.9					
	62.8					
	73.2					
	73.8					
	76.9					
	80.8					
	84					
	84.5					
	89.1					
	90.2					
	95.9					
	99.3					
	101.1					
	101.9					
	107.1					
	108					
	109.9					
	113.8					
	118.7					
	120.3					
	120.5					
	121.1					
	124.2					
	149.1					
	163.2					
	164.1					
	181.1					
buprenorphine	468.3077		CNS	4.3417	62.16	
carbamazepine	192.0811		CNS	3.1187	46.33	
	193.0868					
	194.097					
	195.1002					
	196.1032					
	220.076					
	237.1028					
	238.1057					
chlorpromazine	246.0075		CNS	4.6069	31.78	
	247.0114					
	248.0047					
	274.0375					
	276.0354					
	319.0999					
	320.1022					
citalopram	109.0458		CNS	2.7864	36.26	
	116.048					
	156.0788					
	166.0643					
	221.0621					
	234.0705					
	235.0909					
	236.0862					
	238.0659					
	242.0946					
	247.0793					
	250.1018					
	262.1019					
	280.1127					
	281.1153					
	307.1593					
	308.1615					
	325.1711					
	326.174					
	327.1773					
codeine	23516	1.5324	41.93			
	225.0918					
	243.1026					
	282.1504					
	300.1617					
	301.165					
	302.1677					
						
cyclizine	71.0872					
	72.0824	3.0767	6.48			
	81.0711					
	83.0867					
	85.1022					
	95.0863					
	97.102					
	99.0923					
	109.1016					
	123.117					
	152.062					
	165.0699					
	166.0775					
	167.0861					
	267.1856					
celecoxib	300.0895		CNS	2.5888	86.36	
	302.1011					
	303.1093					
	332.0777					
	362.0775					
	363.0779					
	382.0832					
	383.0857					
	384.0823					
clonidine	212.9971		CNS	2.2313	36.42	
	214.9942					
	230.0251					
	231.0271					
	232.0217					
cocaine	182.1171		CNS	1.8508	55.84	
	183.1203					
	272.1274					
	304.1559					
	305.1582					
	306.1606					
diclofenac	57.1		CNS	3.8852	49.33	
	71.8					
	73.9					
	79.6					
	87					
	101.1					
	103.3					
	115.4					
	117.2					
	125.9					
	131					
	134.9					
	142.1					
	144.2					
	149					
	153.3					
	163.1					
	164.1					
	167					
	170.3					
	175.3					
	179.9					
	181.1					
	187.1					
	189.3					
	192.2					
	199.4					
	203.1					
	205.2					
	214.1					
	215.1					
	219					
	223.4					
	227.1					
	236.3					
	250.2					
	261.4					
	278.4					
	279.5					
	296.3					
Dihydrocodeine	199.0761		CNS	1.8078	41.93	
Dihydroergotamine	253.1321		CNS	3.3492	118.21	
	270.1596					
	297.1258					
	322.1546					
	538.282					
	566.2757					
	584.2852					
droperidol	123.0242		CNS	3.4571	52.65	
	165.0714					
	166.0748					
	187.0873					
	194.0987					
	195.1012					
	196.1051					
	380.1792					
	381.1828					
duloxetine	123.0252		CNS	3.8368	49.5	
	124.0329					
	125.0367					
	154.0675					
	155.0739					
	156.0793					
	157.0635					
	183.0791					
	184.0833					
	239.0497					
	267.0823					
	298.1245					
	299.1265					
dexamethasone	107.086		CNS	1.2884	94.83	
	109.1016					
	115.0761					
	119.086					
	121.0655					
	123.0809					
	125.0604					
	131.0861					
	133.0655					
	135.0809					
	137.0966					
	145.1013					
	147.081					
	148.0844					
	149.0965					
	151.0759					
	153.0917					
	155.0708					
	159.0808					
	161.0963					
	163.0752					
	165.0912					
	167.107					
	171.0807					
	172.0838					
	173.0963					
	174.0998					
	177.0911					
	178.0949					
	179.1074					
	183.0808					
	185.0963					
	186.0999					
	187.0752					
	189.0912					
	195.1015					
	197.0963					
	199.1114					
	201.1273					
	203.1066					
	209.0961					
	211.1117					
	212.1161					
	213.1271					
	215.1069					
	221.0956					
	223.1119					
	224.1167					
	225.1272					
	226.131					
	227.1428					
	235.1117					
	236.1161					
	237.1274					
	238.1307					
	239.1429					
	240.1463					
	241.1223					
	242.1259					
	249.1277					
	251.1429					
	253.1225					
	254.1255					
	255.138					
	256.1411					
	257.1336					
	261.1271					
	263.1432					
	264.1467					
	265.1586					
	267.1384					
	268.1429					
	275.1433					
	276.1485					
	277.1586					
	278.1646					
	279.1743					
	280.1776					
	281.1889					
	289.1589					
	290.162					
	291.1744					
	292.1783					
	293.1533					
	295.1694					
	296.1745					
	297.1847					
	298.1889					
	301.1591					
	302.1621					
	307.1697					
	308.1733					
	309.1853					
	310.1887					
	311.1646					
	315.1762					
	319.1696					
	320.1734					
	325.1802					
	326.1834					
	327.1956					
	328.1978					
	337.1802					
	338.1834					
	339.1836					
	345.1863					
	355.1909					
	356.194					
	357.1942					
	373.2015					
	374.2052					
	375.2006					
	393.2069					
ephedrine	117.0705		CNS		0.7353	32.26
	148.1121					
	166.1228					
etodolac	57.5		CNS	2.9812	62.32	
	60.9					
	68.8					
	71					
	81.3					
	82.8					
	85.3					
	95.2					
	98.7					
	101.2					
	103.9					
	105					
	106.1					
	107					
	109.3					
	112.9					
	115.4					
	117.9					
	119.3					
	131.6					
	135					
	138.2					
	144					
	145					
	148					
	153.3					
	156.1					
	157					
	164.9					
	172.3					
	174.1					
	182.3					
	185.3					
	193.3					
	198.2					
	205.9					
	210.2					
	211.5					
	217.5					
	221					
	224.4					
	226.4					
	228.5					
	229.3					
	235.1					
	241.9					
	247.5					
	252.2					
	253					
	270.5					
	271.5					
	288.3					
fenfluamine	49505	12.03	12.03			
	56.9					
	70.9					
	73.1					
	76					
	77.7					
	78.1					
	83.1					
	85.4					
	87.8					
	88.7					
	91.4					
	94.9					
	97.1					
	98					
	101.1					
	102.7					
	106.3					
	109.4					
	110.8					
	112.3					
	115.3					
	116.7					
	121.1					
	123					
	124.3					
	127.3					
	128.9					
	131.9					
	133					
	140.1					
	141.3					
	142.1					
	143.3					
	146.8					
	150.2					
	151.1					
	153.4					
	154.8					
	157.3					
	158.8					
	160					
	169.1					
	172.2					
	175.8					
	179					
	179.6					
	182.9					
	187.2					
	194.5					
	197.5					
	200					
	215.1					
	232.2					
fentanyl	188.1427		CNS	4.4164	23.55	
	189.1458					
	337.2283					
	338.2312					
	339.2338					
fluoxetine	117.069		CNS	3.6241	21.26	
	148.1094					
	149.115					
	159.1158					
	187.1104					
	195.1151					
	196.1203					
	205.102					
	219.1148					
	220.121					
	223.1105					
	224.1151					
	232.1252					
	247.1476					
	248.1494					
	265.1577					
	310.1415					
	311.1443					
flurazepam	143.1183	CNS	3.5978	35.91		
	288.0604					
	289.0647					
	290.0572					
	315.0717					
	316.0744					
	317.07					
	317.0846					
	318.0891					
	319.0841					
	320.0882					
	388.1615					
	389.1644					
	390.1588					
fluvoxamine	130.0646		CNS	3.15	56.84	
	131.0712					
	146.1173					
	158.0948					
	159.04					
	172.0356					
	173.0401					
	174.051					
	180.061					
	183.0418					
	184.0479					
	185.0559					
	186.0558					
	188.0682					
	190.0446					
	190.1214					
	198.0513					
	199.0591					
	199.0708					
	200.0674					
	201.0702					
	202.0459					
	202.0727					
	209.0561					
	210.0649					
	211.0718					
	212.0767					
	214.0828					
	224.0666					
	226.083					
	227.0883					
	228.0984					
	229.1026					
	230.079					
	230.11					
	239.1108					
	240.0987					
	241.0841					
	242.0902					
	243.0943					
	244.0936					
	245.097					
	252.0985					
	258.1092					
	259.1169					
	260.1242					
	261.1272					
	270.1092					
	272.1244					
	276.1193					
	302.1354					
	303.1374					
	319.1621					
	320.1651					
indomethacin	138.9933		CNS	4.0028	68.53	
	139.9971					
	140.9902					
	141.9943					
	163.0751					
	174.0901					
	175.0923					
	358.0818					
ketoprofen	177.0526		CNS	2.7003	54.37	
	194.069					
	209.0927					
	210.0959					
	255.0981					
lamotrigine	166.0279		CNS	1.596	90.71	
	186.9811					
	210.9816					
	212.9786					
	220.0377					
	256.0153					
	257.0172					
	258.0119					
levetiracetam	126.0919		CNS	-0.3649	63.4	
	127.095					
	154.0861					
maprotiline	115.0547		CNS	3.7029	12.03	
	117.0702					
	129.07					
	131.0858					
	141.0704					
	143.0859					
	169.1019					
	170.1055					
	178.0782					
	191.0863					
	193.1019					
	205.1021					
	219.1181					
	220.1216					
	247.1494					
	248.1524					
	250.161					
	251.1641					
	252.1669					
	278.1925					
	279.1956					
	280.1978					
melperone	123.0231	CNS	3.2362	20.31		
	124.0262					
	165.0706					
	166.073					
	167.0755					
	264.1756					
	265.1784					
	266.1811					
meprobamate	55.0545	CNS	0.9953	104.64		
	59.0495					
	62.0239					
	69.07					
	71.0861					
	73.0649					
	97.1017					
	115.1125					
	158.1178					
methadone	223.1107		CNS	3.5199	20.31	
	247.1473					
	265.1581					
	310.2157					
methotrimeorazine	58.3		CNS	4.1492	41.01	
	76.3					
	98.8					
	100.2					
	105.1					
	112.8					
	121					
	122.3					
	149.3					
	151.8					
	165.6					
	175.2					
	176.3					
	179.5					
	180.9					
	187					
	190.1					
	191.4					
	197.3					
	198.2					
	201					
	203.3					
	207.1					
	208.2					
	211.7					
	213					
	215.4					
	220.1					
	221.4					
	222.3					
	225.8					
	235.2					
	239.4					
	240.1					
	242.2					
	253.2					
	254.4					
	267.4					
	275.4					
	284.5					
	293.6					
	294					
	295.5					
	296.2					
	311.3					
	329.7					
methylsergide	103.1		CNS	2.6638	19.37	
	130.1					
	173.2					
	174.3					
	189					
	192.2					
	197.4					
	207.9					
	211.6					
	214.2					
	222.2					
	224.9					
	237.3					
	247.4					
	251.4					
	253.3					
	290.4					
	293.4					
	311.7					
	323.4					
	336.5					
	337.5					
	354.6					
mirtazapine	194.0826		CNS	2.6638	19.37	
	195.0912					
	209.1069					
	266.1651					
	267.1683					
	268.1708					
moclobemide	138.9933		CNS	1.3732	41.57	
	140.9902					
	182.0357					
	183.0388					
	184.0328					
	185.0356					
	269.1046					
	270.1075					
	271.1013					
mefenamicacid	209.0728		CNS	3.3629	49.33	
	223.095					
	224.1032					
	225.1082					
methylprednisolone	119.0858		CNS	1.4107	94.83	
	121.0649					
	121.1017					
	123.082					
	125.0605					
	127.0749					
	129.071					
	131.0855					
	133.066					
	133.1013					
	135.0808					
	136.084					
	137.0584					
	137.097					
	139.076					
	143.0857					
	145.0648					
	145.1012					
	146.0717					
	147.0803					
	147.1166					
	148.0841					
	149.0963					
	150.099					
	151.075					
	151.1115					
	153.0904					
	155.072					
	157.0876					
	157.1013					
	158.0728					
	159.0812					
	159.1177					
	160.0844					
	161.0965					
	162.0996					
	163.0756					
	163.1119					
	165.0916					
	166.0949					
	167.1055					
	169.1032					
	171.0807					
	171.1173					
	172.0889					
	173.0969					
	173.1322					
	174.1003					
	175.0756					
	175.112					
	176.1155					
	177.0918					
	177.1269					
	178.0957					
	179.1065					
	183.1026					
	184.108					
	185.0965					
	186.1001					
	187.1123					
	188.1157					
	189.0914					
	189.1273					
	190.0964					
	191.1074					
	191.1434					
	193.1241					
	195.117					
	196.1241					
	197.0963					
	198.1033					
	199.1123					
	200.1168					
	201.0922					
	201.1278					
	202.1309					
	203.1083					
	203.1429					
	205.1233					
	209.0963					
	210.1					
	211.1126					
	212.1158					
	213.0931					
	213.1281					
	214.1326					
	215.106					
	215.1435					
	219.1383					
	221.0941					
	221.1354					
	222.1046					
	223.1132					
	223.1361					
	224.1205					
	225.1283					
	226.1324					
	227.107					
	227.1428					
	228.1117					
	228.1456					
	229.1251					
	231.1391					
	232.1414					
	235.1121					
	235.1498					
	236.116					
	237.1285					
	238.1327					
	239.1048					
	239.1444					
	240.1486					
	241.1241					
	241.1593					
	242.163					
	243.1026					
	243.137					
	243.1729					
	247.1127					
	248.1219					
	249.1279					
	249.1649					
	250.1318					
	251.1435					
	252.1477					
	253.1596					
	254.1633					
	255.1373					
	255.1753					
	256.1794					
	257.1534					
	260.1206					
	261.1296					
	261.1658					
	262.134					
	263.1442					
	263.1801					
	264.1477					
	265.1237					
	265.1598					
	266.1648					
	267.1394					
	268.1436					
	269.1545					
	270.158					
	274.1367					
	275.1433					
	275.1798					
	276.1505					
	277.1595					
	278.165					
	279.1395					
	279.1757					
	280.1434					
	280.1823					
	281.1903					
	282.1939					
	283.1694					
	283.2081					
	285.1527					
	288.1516					
	289.1561					
	290.1716					
	291.1751					
	292.1807					
	293.1532					
	293.1912					
	294.1593					
	294.1936					
	295.1713					
	295.2004					
	296.1753					
	297.1501					
	297.1855					
	298.1537					
	298.1892					
	299.2012					
	303.1756					
	304.1782					
	305.1827					
	306.1605					
	308.1828					
	309.1873					
	310.1902					
	311.1662					
	311.2018					
	312.2039					
	315.1616					
	316.1645					
	321.1861					
	322.1888					
	323.1924					
	327.1972					
	328.1964					
	328.2075					
	329.2116					
	339.1969					
	340.2005					
	341.204					
	357.2082					
	358.211					
	359.2131					
	375.2177					
Methylprednisolone	119.0858		CNS	1.4107	94.83	
	121.0649					
	121.1017					
	123.082					
	125.0605					
	127.0749					
	129.071					
	131.0855					
	133.066					
	133.1013					
	135.0808					
	136.084					
	137.0584					
	137.097					
	139.076					
	143.0857					
	145.0648					
	145.1012					
	146.0717					
	147.0803					
	147.1166					
	148.0841					
	149.0963					
	150.099					
	151.075					
	151.1115					
	153.0904					
	155.072					
	157.0876					
	157.1013					
	158.0728					
	159.0812					
	159.1177					
	160.0844					
	161.0965					
	162.0996					
	163.0756					
	163.1119					
	165.0916					
	166.0949					
	167.1055					
	169.1032					
	171.0807					
	171.1173					
	172.0889					
	173.0969					
	173.1322					
	174.1003					
	175.0756					
	175.112					
	176.1155					
	177.0918					
	177.1269					
	178.0957					
	179.1065					
	183.1026					
	184.108					
	185.0965					
	186.1001					
	187.1123					
	188.1157					
	189.0914					
	189.1273					
	190.0964					
	191.1074					
	191.1434					
	193.1241					
	195.117					
	196.1241					
	197.0963					
	198.1033					
	199.1123					
	200.1168					
	201.0922					
	201.1278					
	202.1309					
	203.1083					
	203.1429					
	205.1233					
	209.0963					
	210.1					
	211.1126					
	212.1158					
	213.0931					
	213.1281					
	214.1326					
	215.106					
	215.1435					
	219.1383					
	221.0941					
	221.1354					
	222.1046					
	223.1132					
	223.1361					
	224.1205					
	225.1283					
	226.1324					
	227.107					
	227.1428					
	228.1117					
	228.1456					
	229.1251					
	231.1391					
	232.1414					
	235.1121					
	235.1498					
	236.116					
	237.1285					
	238.1327					
	239.1048					
	239.1444					
	240.1486					
	241.1241					
	241.1593					
	242.163					
	243.1026					
	243.137					
	243.1729					
	247.1127					
	248.1219					
	249.1279					
	249.1649					
	250.1318					
	251.1435					
	252.1477					
	253.1596					
	254.1633					
	255.1373					
	255.1753					
	256.1794					
	257.1534					
	260.1206					
	261.1296					
	261.1658					
	262.134					
	263.1442					
	263.1801					
	264.1477					
	265.1237					
	265.1598					
	266.1648					
	267.1394					
	268.1436					
	269.1545					
	270.158					
	274.1367					
	275.1433					
	275.1798					
	276.1505					
	277.1595					
	278.165					
	279.1395					
	279.1757					
	280.1434					
	280.1823					
	281.1903					
	282.1939					
	283.1694					
	283.2081					
	285.1527					
	288.1516					
	289.1561					
	290.1716					
	291.1751					
	292.1807					
	293.1532					
	293.1912					
	294.1593					
	294.1936					
	295.1713					
	295.2004					
	296.1753					
	297.1501					
	297.1855					
	298.1537					
	298.1892					
	299.2012					
	303.1756					
	304.1782					
	305.1827					
	306.1605					
	308.1828					
	309.1873					
	310.1902					
	311.1662					
	311.2018					
	312.2039					
	315.1616					
	316.1645					
	321.1861					
	322.1888					
	323.1924					
	327.1972					
	328.1964					
	328.2075					
	329.2116					
	339.1969					
	340.2005					
	341.204					
	357.2082					
	358.211					
	359.2131					
	375.2177					
naltrexone	267.1266	2.6947	46.53			
	270.1129					
	282.14					
	324.1605					
	342.1717					
naproxen	153.0675		CNS	2.6947	46.53	
	154.0763					
	155.0845					
	158.0716					
	159.0765					
	169.0632					
	170.0715					
	171.0747					
	185.0948					
	186.0977					
	187.1008					
neostigmine	55.8	CNS	-3.3614	29.54		
	71.8					
	80.7					
	82.8					
	87.1					
	88.1					
	88.7					
	91.2					
	96.9					
	98.9					
	100.8					
	102.3					
	104.9					
	106.1					
	116.2					
	117					
	118.1					
	119.1					
	120.8					
	124					
	124.8					
	126.6					
	128.3					
	129.7					
	131.2					
	134.1					
	135					
	136					
	137.2					
	146.4					
	147.3					
	149.3					
	150					
	151.1					
	152.2					
	158.7					
	162.2					
	163.3					
	164.3					
	164.7					
	166.1					
	177					
	178.4					
	179.1					
	186.8					
	188.2					
	191.2					
	206.1					
	207.1					
	208.2					
	222.2					
	223.3					
Nicergoline	167.0693		CNS	3.3973	56.59	
	182.0959					
	208.1068					
	210.1188					
	211.1241					
	220.1127					
	221.1067					
	222.1121					
	222.1272					
	223.1258					
	234.1226					
	235.1197					
	236.1263					
	249.1387					
	251.1534					
	267.1452					
	268.1623					
	421.0617					
	437.0728					
	452.0943					
	452.1633					
	452.2036					
	452.2352					
	452.2791					
	452.3546					
	452.3973					
	452.5266					
	452.5704					
	452.693					
	452.7682					
	452.8147					
	452.8564					
	452.8931					
	452.9738					
	453.1047					
	453.2534					
	453.4517					
	453.6085					
	484.1213					
olanzapine	213.0501		CNS	3.0388	59.11	
	230.0755					
	256.0916					
	257.0945					
	258.0884					
	282.1071					
	283.1092					
	311.1377					
	313.15					
	314.1523					
	315.1477					
ondansetron	170.0955	2.2259	39.82			
	171.0986					
	184.1113					
	185.1144					
	212.1063					
	213.1096					
	294.1603					
	295.1632					
	296.1663					
oxaprozin	103.0546	3.5595	63.33			
	117.0692					
	206.0968					
	234.0901					
	276.0995					
	294.1121					
oxazepam	128.0253	2.2758	61.69			
	153.0208					
	155.0848					
	156.0191					
	163.0029					
	166.0046					
	168.0026					
	216.0534					
	231.0675					
	232.0711					
	233.0645					
	241.0521					
	242.0552					
	243.0489					
	244.0321					
	244.0524					
	257.0479					
	258.0559					
	259.0627					
	269.0472					
	270.0497					
	271.044					
	272.0479					
	287.0577					
	288.0606					
	289.0554					
oxycodone	70.065	1.1281	59			
	187.0759					
	241.1065					
	256.1327					
	298.1425					
	316.1537					
oxybutynin	124.111	3.4846	49.77			
	142.1214					
	171.1153					
	189.1258					
	199.1105					
	258.1477					
	340.2264					
	341.2293					
	358.2378					
	359.2405					
	360.2429					
paroxetine	123.0595	3.9891	39.72			
	151.0374					
	163.0904					
	178.1013					
	192.1174					
	193.1222					
	313.1231					
	330.1499					
	331.1532					
	332.1553					
pergolide	100.1106	4.1329	44.33			
	112.1117					
	127.0559					
	130.0649					
	154.0644					
	155.0751					
	156.0819					
	158.1045					
	165.0728					
	166.0761					
	167.0706					
	168.0797					
	169.0793					
	170.0939					
	172.1191					
	176.9878					
	179.083					
	180.0798					
	181.0923					
	182.0943					
	183.0932					
	191.0841					
	192.0768					
	193.0864					
	194.0987					
	195.1012					
	196.1108					
	198.1257					
	206.0973					
	208.1107					
	208.1477					
	208.175					
	208.2439					
	210.1245					
	211.1208					
	212.1277					
	225.1326					
	239.1506					
	244.1134					
	246.1287					
	256.1155					
	258.128					
	267.1815					
	313.1652					
	315.1871					
phentermine	55.0563	1.8345	26.02			
	65.0399					
	91.0546					
	105.0695					
	133.1003					
	150.1278					
piperacetazine	142.1231	4.8021	69.08			
	170.1543					
	254.0635					
	411.2088					
primodone	68.9	0.75	58.2			
	84.9					
	86.5					
	90.8					
	96.4					
	104.1					
	105					
	112.4					
	119.4					
	123.8					
	129					
	140.9					
	146.9					
	161.1					
	162					
	170.3					
	203.2					
	219.2					
	113.0599					
remifentanil		2.0301	76.15			
	116.0703					
	136.076					
	146.0967					
	158.0966					
	158.9639					
	196.0974					
	202.1226					
	228.1223					
	261.1585					
	274.1422					
	285.1585					
	303.1697					
	317.185					
	321.1813					
	345.1801					
	377.2064					
remifentanil	115.1304	2.5433	32.34			
	132.0798					
	160.0748					
	161.0777					
	261.1963					
	262.199					
	263.2018					
						
ropinirole	114.1275	2.5433	32.34			
	115.1304					
	132.0798					
	160.0748					
	161.0777					
	261.1963					
	262.199					
	263.2018					
sufentanil	111.0272	4.0822	61.02			
	140.1078					
	206.1006					
	224.1114					
	238.1258					
	355.1854					
	387.2116					
sulpiride	342.149	0.6079	110.11			
	214.0162					
	342.149					
	343.1514					
	344.1468					
sulindac	69.1	3.1103	73.58			
	141.1					
	143.2					
	161.8					
	165					
	187.9					
	201.2					
	210.2					
	212.8					
	233.4					
	266.9					
	297.2					
	340.1					
	342.1					
	357.6					
thiethylperazine	239.076	5.0535	60.32			
	141.1384					
	239.0763					
	272.0563					
	300.0883					
	400.1878					
thioridazine	1875.921	5.5295	57.08			
	126.1281					
	258.0408					
	371.1606					
thiothixene	344.078	3.8126	77.54			
	335.1587					
	344.0784					
	444.1738					
tramadol	176.0837	2.2768	32.7			
trazodone	148.0492	2.2135	42.39			
	176.0808					
	177.0837					
	372.1591					
	373.1615					
	374.156					
trifluoperazine	98	4.9276	35.02			
	111.2					
	98					
	111.2					
	113.1					
	120.7					
	124.1					
	137.2					
	139.1					
	141.2					
	142.3					
	149.2					
	152.2					
	159.9					
	167.3					
	177.3					
	185.2					
	203.5					
	219.8					
	238.9					
	244.2					
	248.3					
	257.6					
	262.3					
	264.2					
	275.3					
	275.7					
	279.6					
	280.3					
	283.3					
	288.2					
	308.5					
	319.7					
	331					
	346					
	348.2					
	353.7					
	359.3					
	368.5					
	388.6					
	390.4					
	391.3					
	408.7					
tripelennamine	120.687	2.0244	19.37			
	119.0608					
	120.0687					
	211.1215					
tolmetin	72.9	2.1419	90.44			
	71					
	72.9					
	78					
	83.3					
	84.7					
	85.3					
	87					
	89.3					
	91.1					
	94.1					
	96.9					
	98.7					
	104.6					
	106.8					
	109.4					
	111.2					
	119.1					
	121.3					
	122.2					
	125.1					
	126.2					
	126.7					
	134.9					
	137.1					
	141.7					
	153.1					
	165.1					
	166.3					
	167.8					
	170.1					
	185.5					
	191.2					
	194					
	196.1					
	198					
	198.9					
	205.1					
	212.3					
	223.4					
	225.5					
	240.5					
	241.5					
	258.4					
venlafaxine	132.059	2.5908	32.7			
	122.0674					
	132.0559					
	135.0793					
	147.0794					
	148.0827					
	152.1421					
	159.0793					
	160.0831					
	173.0951					
	174.0992					
	177.114					
	178.1207					
	183.1159					
	189.1258					
	215.1427					
	216.1457					
	217.151					
	260.2006					
	261.2038					
	262.207					
	278.2126					
	279.2154					
	280.2179					
ziprasidone	194.035	3.6832	76.71			
	191.1163					
	194.0355					
	195.0388					
	196.0326					
	220.0898					
	413.1196					
	414.1222					
	415.1167					
