130.0468	0.3498396395
131.0546	0.3498396395
143.0436	0.3498396395
145.0339	0.3498396395
147.0492	0.3498396395
159.0495	0.3498396395
163.0434	0.3498396395
170.0508	0.3498396395
171.0371	0.3498396395
172.045	0.3498396395
173.065	0.3498396395
175.0443	0.3498396395
185.0735	0.3498396395
187.0534	0.3498396395
188.0378	0.3498396395
197.0377	0.3498396395
198.0418	0.3498396395
229.0678	0.3498396395
231.0426	0.3498396395
50.2	0.3498396395
54.2	0.3498396395
55.4	0.3498396395
57.4	0.3498396395
68.1	0.3498396395
69.2	0.3498396395
73.1	0.3498396395
