117.0689	0.5926554
119.0849	0.5926554
121.064	0.5926554
121.1003	0.5926554
123.0797	0.5926554
129.0691	0.5926554
131.0848	0.5926554
132.0885	0.5926554
133.0639	0.5926554
133.1003	0.5926554
135.0796	0.5926554
135.116	0.5926554
137.0951	0.5926554
141.0686	0.5926554
142.0757	0.5926554
143.0848	0.5926554
144.0893	0.5926554
145.0634	0.5926554
145.1001	0.5926554
146.1034	0.5926554
147.0793	0.5926554
147.1158	0.5926554
148.0837	0.5926554
149.0948	0.5926554
149.1308	0.5926554
150.0981	0.5926554
155.0846	0.5926554
157.0635	0.5926554
157.1002	0.5926554
158.104	0.5926554
159.0792	0.5926554
159.116	0.5926554
160.0837	0.5926554
160.1199	0.5926554
161.0952	0.5926554
161.1312	0.5926554
162.0987	0.5926554
163.1108	0.5926554
164.1143	0.5926554
167.0842	0.5926554
168.0907	0.5926554
169.1003	0.5926554
170.1048	0.5926554
171.0788	0.5926554
171.1159	0.5926554
172.1199	0.5926554
173.0949	0.5926554
173.1313	0.5926554
174.1011	0.5926554
174.1347	0.5926554
175.1106	0.5926554
175.147	0.5926554
176.1143	0.5926554
177.1257	0.5926554
179.0842	0.5926554
181.1003	0.5926554
182.1054	0.5926554
183.0791	0.5926554
183.1161	0.5926554
184.1193	0.5926554
185.0953	0.5926554
185.1316	0.5926554
186.1351	0.5926554
187.1109	0.5926554
187.1463	0.5926554
189.1264	0.5926554
193.0999	0.5926554
195.1159	0.5926554
196.1199	0.5926554
197.0951	0.5926554
197.1315	0.5926554
198.1365	0.5926554
199.1106	0.5926554
199.1471	0.5926554
201.1268	0.5926554
201.1632	0.5926554
202.1301	0.5926554
202.1671	0.5926554
203.142	0.5926554
204.1461	0.5926554
205.1005	0.5926554
207.116	0.5926554
208.1222	0.5926554
209.0955	0.5926554
209.1316	0.5926554
210.1371	0.5926554
211.111	0.5926554
211.1476	0.5926554
213.1265	0.5926554
213.163	0.5926554
214.1659	0.5926554
215.1425	0.5926554
217.158	0.5926554
219.1157	0.5926554
219.1739	0.5926554
220.1217	0.5926554
220.1767	0.5926554
221.1314	0.5926554
223.1109	0.5926554
223.147	0.5926554
224.1174	0.5926554
224.1527	0.5926554
225.1263	0.5926554
225.1629	0.5926554
226.1661	0.5926554
227.142	0.5926554
228.1485	0.5926554
229.1577	0.5926554
230.1648	0.5926554
231.1736	0.5926554
232.1774	0.5926554
233.1321	0.5926554
234.1359	0.5926554
235.1475	0.5926554
236.1525	0.5926554
237.1256	0.5926554
237.1623	0.5926554
239.1431	0.5926554
239.1787	0.5926554
241.1584	0.5926554
242.1622	0.5926554
243.1741	0.5926554
244.1767	0.5926554
246.1406	0.5926554
247.1471	0.5926554
249.1642	0.5926554
251.1426	0.5926554
251.1787	0.5926554
253.1584	0.5926554
255.1728	0.5926554
264.1504	0.5926554
265.1581	0.5926554
265.194	0.5926554
266.1622	0.5926554
269.1892	0.5926554
275.1781	0.5926554
276.183	0.5926554
283.1687	0.5926554
283.2049	0.5926554
293.1901	0.5926554
294.1937	0.5926554
311.201	0.5926554
312.2042	0.5926554
313.207	0.5926554
103.223	0.5926554
