119.085	0.7848332803
121.0634	0.7848332803
123.0788	0.7848332803
125.0573	0.7848332803
125.093	0.7848332803
127.0734	0.7848332803
131.0845	0.7848332803
133.0636	0.7848332803
135.0793	0.7848332803
136.082	0.7848332803
137.0584	0.7848332803
137.0953	0.7848332803
139.0739	0.7848332803
141.0529	0.7848332803
145.063	0.7848332803
145.1015	0.7848332803
147.0787	0.7848332803
148.0827	0.7848332803
149.0944	0.7848332803
151.0739	0.7848332803
153.0894	0.7848332803
154.0924	0.7848332803
155.0686	0.7848332803
157.1015	0.7848332803
158.0691	0.7848332803
159.0785	0.7848332803
160.0819	0.7848332803
161.0946	0.7848332803
162.0987	0.7848332803
163.0737	0.7848332803
165.09	0.7848332803
167.069	0.7848332803
169.1009	0.7848332803
171.0792	0.7848332803
172.0825	0.7848332803
173.0944	0.7848332803
174.0983	0.7848332803
175.0744	0.7848332803
175.109	0.7848332803
177.0892	0.7848332803
181.0842	0.7848332803
182.0885	0.7848332803
183.0784	0.7848332803
183.0999	0.7848332803
184.1023	0.7848332803
185.0596	0.7848332803
185.0948	0.7848332803
186.0972	0.7848332803
187.0741	0.7848332803
187.1105	0.7848332803
188.077	0.7848332803
188.1116	0.7848332803
189.0893	0.7848332803
195.0786	0.7848332803
195.1019	0.7848332803
196.0845	0.7848332803
197.0944	0.7848332803
198.0985	0.7848332803
199.111	0.7848332803
200.1146	0.7848332803
201.0891	0.7848332803
201.1253	0.7848332803
203.1047	0.7848332803
208.0856	0.7848332803
209.094	0.7848332803
210.1021	0.7848332803
211.1106	0.7848332803
212.1135	0.7848332803
213.0884	0.7848332803
213.126	0.7848332803
214.0898	0.7848332803
214.1291	0.7848332803
215.106	0.7848332803
215.1419	0.7848332803
216.1086	0.7848332803
221.0968	0.7848332803
222.101	0.7848332803
223.1104	0.7848332803
224.1163	0.7848332803
225.0892	0.7848332803
225.126	0.7848332803
226.1315	0.7848332803
227.105	0.7848332803
227.1423	0.7848332803
228.1455	0.7848332803
234.0998	0.7848332803
235.1101	0.7848332803
236.1151	0.7848332803
237.126	0.7848332803
238.0963	0.7848332803
238.1292	0.7848332803
239.1045	0.7848332803
239.1413	0.7848332803
240.1124	0.7848332803
240.1463	0.7848332803
241.1207	0.7848332803
242.1269	0.7848332803
243.1341	0.7848332803
247.1121	0.7848332803
247.1472	0.7848332803
248.1191	0.7848332803
249.1258	0.7848332803
250.1311	0.7848332803
251.1431	0.7848332803
252.1482	0.7848332803
253.1215	0.7848332803
253.1579	0.7848332803
254.1245	0.7848332803
254.1593	0.7848332803
255.1367	0.7848332803
255.1731	0.7848332803
256.1403	0.7848332803
257.1455	0.7848332803
259.1124	0.7848332803
261.1262	0.7848332803
262.1332	0.7848332803
263.1418	0.7848332803
264.1483	0.7848332803
265.1215	0.7848332803
265.1577	0.7848332803
266.1227	0.7848332803
266.1625	0.7848332803
267.1367	0.7848332803
267.1729	0.7848332803
268.1401	0.7848332803
268.1766	0.7848332803
269.1534	0.7848332803
272.1184	0.7848332803
275.1425	0.7848332803
276.1452	0.7848332803
277.1199	0.7848332803
277.1579	0.7848332803
278.1619	0.7848332803
279.1363	0.7848332803
279.1653	0.7848332803
280.1447	0.7848332803
281.1527	0.7848332803
282.1575	0.7848332803
283.1351	0.7848332803
283.1669	0.7848332803
284.1695	0.7848332803
285.1459	0.7848332803
285.1859	0.7848332803
287.143	0.7848332803
288.1484	0.7848332803
289.1481	0.7848332803
290.1305	0.7848332803
292.145	0.7848332803
293.1522	0.7848332803
294.1569	0.7848332803
295.1684	0.7848332803
296.1716	0.7848332803
297.1471	0.7848332803
297.1773	0.7848332803
298.1535	0.7848332803
299.1636	0.7848332803
305.1524	0.7848332803
306.1558	0.7848332803
307.1569	0.7848332803
311.1624	0.7848332803
312.1657	0.7848332803
313.179	0.7848332803
314.1813	0.7848332803
315.1925	0.7848332803
323.1639	0.7848332803
324.1669	0.7848332803
325.174	0.7848332803
341.174	0.7848332803
342.177	0.7848332803
343.1876	0.7848332803
344.1951	0.7848332803
359.1843	0.7848332803
360.1883	0.7848332803
119.0856	0.7848332803
