45	0.5543859718
50.1	0.5543859718
62.8	0.5543859718
64	0.5543859718
68	0.5543859718
72.7	0.5543859718
75.1	0.5543859718
77	0.5543859718
80.8	0.5543859718
82	0.5543859718
88.7	0.5543859718
89.1	0.5543859718
93.4	0.5543859718
95.2	0.5543859718
96.9	0.5543859718
98.8	0.5543859718
99.9	0.5543859718
101	0.5543859718
101.3	0.5543859718
103.1	0.5543859718
104.9	0.5543859718
106.2	0.5543859718
107.1	0.5543859718
107.3	0.5543859718
108.1	0.5543859718
108.9	0.5543859718
110	0.5543859718
111.1	0.5543859718
112.8	0.5543859718
115.3	0.5543859718
120.8	0.5543859718
122.2	0.5543859718
122.6	0.5543859718
127.9	0.5543859718
131	0.5543859718
133.2	0.5543859718
134.9	0.5543859718
136	0.5543859718
137.3	0.5543859718
140.3	0.5543859718
145	0.5543859718
146.6	0.5543859718
149.5	0.5543859718
151	0.5543859718
152.2	0.5543859718
153.1	0.5543859718
163.2	0.5543859718
164.1	0.5543859718
167	0.5543859718
170	0.5543859718
173	0.5543859718
176	0.5543859718
177.2	0.5543859718
181.5	0.5543859718
191.3	0.5543859718
193.8	0.5543859718
196.4	0.5543859718
209.4	0.5543859718
226.2	0.5543859718
41.0377	0.5543859718
