69.3	0.6545994633
71.3	0.6545994633
72.1	0.6545994633
73.7	0.6545994633
75.3	0.6545994633
79.3	0.6545994633
81.2	0.6545994633
82.3	0.6545994633
83.2	0.6545994633
85	0.6545994633
86.2	0.6545994633
87	0.6545994633
88.9	0.6545994633
93.2	0.6545994633
95.2	0.6545994633
95.8	0.6545994633
97.1	0.6545994633
98.1	0.6545994633
99.1	0.6545994633
100.9	0.6545994633
109	0.6545994633
111.1	0.6545994633
113.3	0.6545994633
114	0.6545994633
114.8	0.6545994633
121.2	0.6545994633
128.3	0.6545994633
131.8	0.6545994633
139.1	0.6545994633
142.1	0.6545994633
157.1	0.6545994633
174.4	0.6545994633
116.1066	0.6545994633
