42.8	0.5772627921
45.2	0.5772627921
58	0.5772627921
59	0.5772627921
60.1	0.5772627921
60.9	0.5772627921
62.8	0.5772627921
64	0.5772627921
66	0.5772627921
66.8	0.5772627921
68.2	0.5772627921
69.7	0.5772627921
71	0.5772627921
74.1	0.5772627921
77.4	0.5772627921
77.8	0.5772627921
79	0.5772627921
80.1	0.5772627921
84.4	0.5772627921
88.1	0.5772627921
88.9	0.5772627921
91.3	0.5772627921
93	0.5772627921
93.9	0.5772627921
95.3	0.5772627921
103.1	0.5772627921
105.2	0.5772627921
106.1	0.5772627921
107.2	0.5772627921
108.1	0.5772627921
109.4	0.5772627921
110.2	0.5772627921
119	0.5772627921
121	0.5772627921
137.1	0.5772627921
138.2	0.5772627921
143.0384	0.5772627921
