109.1016	0.667213497
115.0761	0.667213497
119.086	0.667213497
121.0655	0.667213497
123.0809	0.667213497
125.0604	0.667213497
131.0861	0.667213497
133.0655	0.667213497
135.0809	0.667213497
137.0966	0.667213497
145.1013	0.667213497
147.081	0.667213497
148.0844	0.667213497
149.0965	0.667213497
151.0759	0.667213497
153.0917	0.667213497
155.0708	0.667213497
159.0808	0.667213497
161.0963	0.667213497
163.0752	0.667213497
165.0912	0.667213497
167.107	0.667213497
171.0807	0.667213497
172.0838	0.667213497
173.0963	0.667213497
174.0998	0.667213497
177.0911	0.667213497
178.0949	0.667213497
179.1074	0.667213497
183.0808	0.667213497
185.0963	0.667213497
186.0999	0.667213497
187.0752	0.667213497
189.0912	0.667213497
195.1015	0.667213497
197.0963	0.667213497
199.1114	0.667213497
201.1273	0.667213497
203.1066	0.667213497
209.0961	0.667213497
211.1117	0.667213497
212.1161	0.667213497
213.1271	0.667213497
215.1069	0.667213497
221.0956	0.667213497
223.1119	0.667213497
224.1167	0.667213497
225.1272	0.667213497
226.131	0.667213497
227.1428	0.667213497
235.1117	0.667213497
236.1161	0.667213497
237.1274	0.667213497
238.1307	0.667213497
239.1429	0.667213497
240.1463	0.667213497
241.1223	0.667213497
242.1259	0.667213497
249.1277	0.667213497
251.1429	0.667213497
253.1225	0.667213497
254.1255	0.667213497
255.138	0.667213497
256.1411	0.667213497
257.1336	0.667213497
261.1271	0.667213497
263.1432	0.667213497
264.1467	0.667213497
265.1586	0.667213497
267.1384	0.667213497
268.1429	0.667213497
275.1433	0.667213497
276.1485	0.667213497
277.1586	0.667213497
278.1646	0.667213497
279.1743	0.667213497
280.1776	0.667213497
281.1889	0.667213497
289.1589	0.667213497
290.162	0.667213497
291.1744	0.667213497
292.1783	0.667213497
293.1533	0.667213497
295.1694	0.667213497
296.1745	0.667213497
297.1847	0.667213497
298.1889	0.667213497
301.1591	0.667213497
302.1621	0.667213497
307.1697	0.667213497
308.1733	0.667213497
309.1853	0.667213497
310.1887	0.667213497
311.1646	0.667213497
315.1762	0.667213497
319.1696	0.667213497
320.1734	0.667213497
325.1802	0.667213497
326.1834	0.667213497
327.1956	0.667213497
328.1978	0.667213497
337.1802	0.667213497
338.1834	0.667213497
339.1836	0.667213497
345.1863	0.667213497
355.1909	0.667213497
356.194	0.667213497
357.1942	0.667213497
373.2015	0.667213497
374.2052	0.667213497
375.2006	0.667213497
393.2069	0.667213497
115.0539	0.667213497
