124.0832	0.6479725906
133.0999	0.6479725906
135.079	0.6479725906
137.0954	0.6479725906
145.1001	0.6479725906
147.1159	0.6479725906
151.1108	0.6479725906
157.1001	0.6479725906
159.1158	0.6479725906
161.0943	0.6479725906
161.1314	0.6479725906
163.1109	0.6479725906
169.0999	0.6479725906
171.1157	0.6479725906
173.1315	0.6479725906
175.1107	0.6479725906
175.1472	0.6479725906
177.126	0.6479725906
183.116	0.6479725906
185.1317	0.6479725906
187.111	0.6479725906
187.1476	0.6479725906
189.1263	0.6479725906
191.1422	0.6479725906
197.1319	0.6479725906
199.1473	0.6479725906
201.1625	0.6479725906
203.1425	0.6479725906
205.158	0.6479725906
206.1612	0.6479725906
209.1312	0.6479725906
211.1468	0.6479725906
213.1263	0.6479725906
213.1628	0.6479725906
214.1343	0.6479725906
215.1421	0.6479725906
217.1579	0.6479725906
223.1478	0.6479725906
224.1552	0.6479725906
225.1623	0.6479725906
226.1667	0.6479725906
227.1424	0.6479725906
227.1788	0.6479725906
229.1583	0.6479725906
231.1739	0.6479725906
239.1429	0.6479725906
241.158	0.6479725906
243.174	0.6479725906
245.1894	0.6479725906
249.1627	0.6479725906
251.1782	0.6479725906
253.1586	0.6479725906
255.174	0.6479725906
256.1779	0.6479725906
257.1536	0.6479725906
258.1566	0.6479725906
263.1793	0.6479725906
265.1948	0.6479725906
266.2006	0.6479725906
267.1744	0.6479725906
267.2105	0.6479725906
268.1773	0.6479725906
268.2136	0.6479725906
269.1884	0.6479725906
281.1893	0.6479725906
282.1971	0.6479725906
283.2052	0.6479725906
284.2112	0.6479725906
285.2215	0.6479725906
286.2247	0.6479725906
287.2274	0.6479725906
291.2106	0.6479725906
303.232	0.6479725906
307.2056	0.6479725906
308.2089	0.6479725906
309.2214	0.6479725906
310.2243	0.6479725906
325.2164	0.6479725906
326.2197	0.6479725906
327.2325	0.6479725906
328.2357	0.6479725906
329.238	0.6479725906
345.2423	0.6479725906
385.2379	0.6479725906
386.2403	0.6479725906
387.2537	0.6479725906
388.2568	0.6479725906
389.2596	0.6479725906
127.0871	0.6479725906
