255.0784	0.4882471812
269.1032	0.4882471812
283.0707	0.4882471812
284.0766	0.4882471812
298.094	0.4882471812
301.0806	0.4882471812
315.0971	0.4882471812
316.1	0.4882471812
317.1017	0.4882471812
329.1128	0.4882471812
330.1159	0.4882471812
331.0916	0.4882471812
331.1183	0.4882471812
359.1229	0.4882471812
361.1388	0.4882471812
58.3	0.4882471812
68.9	0.484546582
84.9	0.484546582
86.5	0.484546582
90.8	0.484546582
96.4	0.484546582
104.1	0.484546582
105	0.484546582
112.4	0.484546582
119.4	0.484546582
123.8	0.484546582
129	0.484546582
140.9	0.484546582
146.9	0.484546582
161.1	0.484546582
162	0.484546582
170.3	0.484546582
203.2	0.484546582
219.2	0.484546582
112.0313	0.484546582
