121.0639	0.712452792
123.0793	0.712452792
131.0848	0.712452792
133.0641	0.712452792
135.0794	0.712452792
137.0589	0.712452792
139.0745	0.712452792
143.0847	0.712452792
145.0637	0.712452792
145.0999	0.712452792
147.0794	0.712452792
148.0826	0.712452792
149.0581	0.712452792
149.094	0.712452792
151.0749	0.712452792
155.0689	0.712452792
157.0992	0.712452792
159.0797	0.712452792
161.0952	0.712452792
162.0981	0.712452792
163.0743	0.712452792
164.0776	0.712452792
165.0896	0.712452792
169.0845	0.712452792
171.0792	0.712452792
172.0825	0.712452792
173.0949	0.712452792
174.0979	0.712452792
175.1097	0.712452792
177.0897	0.712452792
179.1044	0.712452792
181.0843	0.712452792
185.0949	0.712452792
186.0982	0.712452792
187.0741	0.712452792
187.1104	0.712452792
188.1144	0.712452792
189.0904	0.712452792
197.0954	0.712452792
199.1106	0.712452792
201.0896	0.712452792
201.1255	0.712452792
203.106	0.712452792
209.0952	0.712452792
211.1114	0.712452792
212.1153	0.712452792
213.0906	0.712452792
213.1264	0.712452792
215.1049	0.712452792
221.095	0.712452792
223.111	0.712452792
224.1161	0.712452792
225.1265	0.712452792
226.1333	0.712452792
227.1059	0.712452792
227.1418	0.712452792
228.1461	0.712452792
235.1105	0.712452792
237.1266	0.712452792
238.1299	0.712452792
239.1059	0.712452792
239.142	0.712452792
240.1448	0.712452792
241.1579	0.712452792
242.1605	0.712452792
243.1377	0.712452792
247.1101	0.712452792
248.118	0.712452792
249.1266	0.712452792
250.1303	0.712452792
251.1421	0.712452792
252.1464	0.712452792
253.1212	0.712452792
253.1582	0.712452792
255.1375	0.712452792
261.1267	0.712452792
262.1319	0.712452792
263.1065	0.712452792
263.1427	0.712452792
264.1471	0.712452792
265.1218	0.712452792
265.1577	0.712452792
266.1613	0.712452792
267.1377	0.712452792
267.1738	0.712452792
268.1769	0.712452792
269.1531	0.712452792
275.1423	0.712452792
276.1457	0.712452792
277.1223	0.712452792
277.1582	0.712452792
278.1614	0.712452792
279.137	0.712452792
279.1732	0.712452792
280.1421	0.712452792
280.1792	0.712452792
281.1529	0.712452792
281.1885	0.712452792
282.1562	0.712452792
283.1683	0.712452792
284.172	0.712452792
287.1422	0.712452792
288.146	0.712452792
289.1583	0.712452792
290.1603	0.712452792
293.1528	0.712452792
293.1892	0.712452792
294.1566	0.712452792
295.1689	0.712452792
296.1722	0.712452792
297.1477	0.712452792
297.1811	0.712452792
303.1383	0.712452792
305.1531	0.712452792
306.1563	0.712452792
307.1688	0.712452792
308.1724	0.712452792
309.1854	0.712452792
311.1639	0.712452792
312.1673	0.712452792
313.1792	0.712452792
314.182	0.712452792
321.1483	0.712452792
323.1641	0.712452792
324.1675	0.712452792
325.1787	0.712452792
326.1821	0.712452792
327.1912	0.712452792
339.1586	0.712452792
341.1746	0.712452792
342.1776	0.712452792
343.1894	0.712452792
344.1932	0.712452792
377.2113	0.712452792
395.221	0.712452792
396.2242	0.712452792
413.2325	0.712452792
414.2355	0.712452792
415.2387	0.712452792
431.2418	0.712452792
192.0811	0.712452792
