79.3	0.7554762564
92.1	0.7554762564
93.1	0.7554762564
99	0.7554762564
99.8	0.7554762564
105.1	0.7554762564
106	0.7554762564
107.9	0.7554762564
110.1	0.7554762564
112.2	0.7554762564
115	0.7554762564
118.4	0.7554762564
120.2	0.7554762564
121.3	0.7554762564
123.1	0.7554762564
128.1	0.7554762564
137.1	0.7554762564
141.3	0.7554762564
146.3	0.7554762564
149.1	0.7554762564
157.2	0.7554762564
159.2	0.7554762564
165.2	0.7554762564
169	0.7554762564
176.9	0.7554762564
179.9	0.7554762564
182.1	0.7554762564
183.1	0.7554762564
184.4	0.7554762564
192.3	0.7554762564
192.7	0.7554762564
195.2	0.7554762564
198.4	0.7554762564
199.5	0.7554762564
209.5	0.7554762564
212.3	0.7554762564
212.6	0.7554762564
225	0.7554762564
225.9	0.7554762564
227.2	0.7554762564
228	0.7554762564
433.8	0.7554762564
254.0804	0.7554762564
