133.0638	0.6823854736
135.0793	0.6823854736
139.0539	0.6823854736
145.0628	0.6823854736
147.0795	0.6823854736
155.0854	0.6823854736
159.0621	0.6823854736
159.0793	0.6823854736
161.0957	0.6823854736
163.0743	0.6823854736
169.0635	0.6823854736
171.079	0.6823854736
172.0828	0.6823854736
173.0589	0.6823854736
173.0786	0.6823854736
173.095	0.6823854736
179.0854	0.6823854736
180.0888	0.6823854736
185.0428	0.6823854736
185.0586	0.6823854736
186.0622	0.6823854736
187.0735	0.6823854736
189.069	0.6823854736
191.0842	0.6823854736
195.0786	0.6823854736
197.0967	0.6823854736
199.0937	0.6823854736
201.0735	0.6823854736
202.0765	0.6823854736
203.0864	0.6823854736
205.0651	0.6823854736
206.0684	0.6823854736
207.0792	0.6823854736
209.0936	0.6823854736
213.1075	0.6823854736
221.0949	0.6823854736
222.102	0.6823854736
223.1098	0.6823854736
225.0741	0.6823854736
235.1113	0.6823854736
237.1257	0.6823854736
245.0801	0.6823854736
247.1475	0.6823854736
249.126	0.6823854736
251.1424	0.6823854736
252.1466	0.6823854736
253.1215	0.6823854736
260.1185	0.6823854736
261.1276	0.6823854736
263.1427	0.6823854736
265.1584	0.6823854736
266.1616	0.6823854736
267.1654	0.6823854736
275.1427	0.6823854736
276.1473	0.6823854736
277.1568	0.6823854736
278.1607	0.6823854736
279.1366	0.6823854736
285.1272	0.6823854736
285.1645	0.6823854736
286.168	0.6823854736
287.1426	0.6823854736
291.1377	0.6823854736
293.1537	0.6823854736
294.1571	0.6823854736
295.1495	0.6823854736
296.1528	0.6823854736
297.1603	0.6823854736
303.1369	0.6823854736
304.1409	0.6823854736
305.1523	0.6823854736
311.1632	0.6823854736
312.1667	0.6823854736
313.1601	0.6823854736
314.1627	0.6823854736
315.1574	0.6823854736
316.1601	0.6823854736
321.148	0.6823854736
322.1511	0.6823854736
323.1437	0.6823854736
324.1495	0.6823854736
325.1558	0.6823854736
331.1525	0.6823854736
332.1545	0.6823854736
333.1656	0.6823854736
334.1685	0.6823854736
335.178	0.6823854736
338.1141	0.6823854736
339.1414	0.6823854736
340.1424	0.6823854736
341.1386	0.6823854736
342.1397	0.6823854736
343.1494	0.6823854736
345.1637	0.6823854736
349.181	0.6823854736
351.1741	0.6823854736
359.1469	0.6823854736
360.1522	0.6823854736
361.1436	0.6823854736
362.1451	0.6823854736
363.1469	0.6823854736
367.1905	0.6823854736
369.1315	0.6823854736
370.1348	0.6823854736
371.1301	0.6823854736
373.1588	0.6823854736
379.155	0.6823854736
380.1575	0.6823854736
381.1491	0.6823854736
382.1509	0.6823854736
387.1425	0.6823854736
387.1949	0.6823854736
388.147	0.6823854736
389.1381	0.6823854736
390.1408	0.6823854736
391.1376	0.6823854736
405.1539	0.6823854736
406.1532	0.6823854736
407.1484	0.6823854736
408.153	0.6823854736
409.1452	0.6823854736
425.1588	0.6823854736
435.1973	0.6823854736
461.1805	0.6823854736
463.1741	0.6823854736
464.1776	0.6823854736
481.1844	0.6823854736
482.1865	0.6823854736
483.1836	0.6823854736
501.1913	0.6823854736
502.1974	0.6823854736
107.086	0.6823854736
