81.0705	0.733928635
83.0498	0.733928635
91.055	0.733928635
93.0707	0.733928635
95.0863	0.733928635
105.0706	0.733928635
107.0487	0.733928635
107.087	0.733928635
109.0655	0.733928635
109.1082	0.733928635
117.0711	0.733928635
119.0862	0.733928635
121.1017	0.733928635
123.082	0.733928635
131.0862	0.733928635
133.1012	0.733928635
135.0756	0.733928635
135.1164	0.733928635
143.0859	0.733928635
145.1013	0.733928635
147.0737	0.733928635
147.1169	0.733928635
149.093	0.733928635
149.1302	0.733928635
157.1019	0.733928635
159.117	0.733928635
161.0993	0.733928635
161.1366	0.733928635
163.1124	0.733928635
169.1014	0.733928635
171.1174	0.733928635
173.1326	0.733928635
175.1252	0.733928635
183.1174	0.733928635
185.1333	0.733928635
187.1478	0.733928635
189.1275	0.733928635
197.133	0.733928635
199.1486	0.733928635
201.1286	0.733928635
203.1431	0.733928635
211.148	0.733928635
213.164	0.733928635
215.1623	0.733928635
229.1805	0.733928635
231.1736	0.733928635
239.179	0.733928635
257.1891	0.733928635
275.1993	0.733928635
121.064	0.733928635
