86.2	0.64608324
94.7	0.64608324
96.1	0.64608324
99	0.64608324
102.4	0.64608324
104	0.64608324
104.9	0.64608324
106	0.64608324
111.3	0.64608324
114.8	0.64608324
124.2	0.64608324
131.9	0.64608324
134.2	0.64608324
136	0.64608324
136.8	0.64608324
141.1	0.64608324
143.4	0.64608324
152.3	0.64608324
162.2	0.64608324
170.4	0.64608324
176.3	0.64608324
180.4	0.64608324
181.2	0.64608324
182.5	0.64608324
192.5	0.64608324
193.4	0.64608324
195.2	0.64608324
196.2	0.64608324
198.4	0.64608324
202.4	0.64608324
205.5	0.64608324
207.5	0.64608324
211.3	0.64608324
216.2	0.64608324
219.5	0.64608324
237.4	0.64608324
237.7	0.64608324
255.3	0.64608324
147.054	0.64608324
