88.9	0.8701839
94.9	0.8701839
97	0.8701839
101.4	0.8701839
111.4	0.8701839
120.9	0.8701839
129.4	0.8701839
132.3	0.8701839
135.1	0.8701839
139.1	0.8701839
149	0.8701839
157.3	0.8701839
161.5	0.8701839
164.1	0.8701839
168.4	0.8701839
171.8	0.8701839
185.4	0.8701839
191.2	0.8701839
199.2	0.8701839
203.3	0.8701839
213.3	0.8701839
215.9	0.8701839
217.1	0.8701839
223	0.8701839
225.5	0.8701839
232.6	0.8701839
233.4	0.8701839
241.3	0.8701839
259.4	0.8701839
297.7	0.8701839
315.6	0.8701839
332.4	0.8701839
123.0801	0.8701839
