45.1	0.5158680083
50.1	0.5158680083
56	0.5158680083
57	0.5158680083
60.2	0.5158680083
67.2	0.5158680083
69.1	0.5158680083
71.2	0.5158680083
71.8	0.5158680083
73.3	0.5158680083
81.2	0.5158680083
82	0.5158680083
84.8	0.5158680083
86.1	0.5158680083
90.9	0.5158680083
92.8	0.5158680083
94.9	0.5158680083
97.4	0.5158680083
97.9	0.5158680083
99.2	0.5158680083
99.4	0.5158680083
109.1	0.5158680083
111.1	0.5158680083
112.9	0.5158680083
118.9	0.5158680083
122.9	0.5158680083
128.1	0.5158680083
137.3	0.5158680083
138	0.5158680083
140.3	0.5158680083
153.9	0.5158680083
155.3	0.5158680083
172.3	0.5158680083
69.0442	0.5158680083
