180.0804	0.4944316269
190.0634	0.4944316269
191.0701	0.4944316269
194.0954	0.4944316269
206.0835	0.4944316269
207.0904	0.4944316269
208.0928	0.4944316269
210.0897	0.4944316269
235.0966	0.4944316269
236.0991	0.4944316269
237.1057	0.4944316269
291.1492	0.4944316269
292.1522	0.4944316269
293.1584	0.4944316269
306.1703	0.4944316269
307.1723	0.4944316269
352.1762	0.4944316269
353.1795	0.4944316269
354.1789	0.4944316269
362.2224	0.4944316269
363.2247	0.4944316269
390.2285	0.4944316269
408.2276	0.4944316269
409.2325	0.4944316269
418.2229	0.4944316269
419.2279	0.4944316269
195.1485	0.4944316269
