123.0795	0.545907213
125.0587	0.545907213
131.0836	0.545907213
133.0637	0.545907213
135.0794	0.545907213
137.0582	0.545907213
139.0743	0.545907213
141.0537	0.545907213
143.084	0.545907213
145.0637	0.545907213
147.0795	0.545907213
148.0835	0.545907213
151.0385	0.545907213
151.0741	0.545907213
152.0769	0.545907213
153.0534	0.545907213
153.0897	0.545907213
155.0688	0.545907213
159.0647	0.545907213
159.0796	0.545907213
160.0827	0.545907213
161.0588	0.545907213
161.0951	0.545907213
162.0977	0.545907213
163.0739	0.545907213
169.0628	0.545907213
169.0835	0.545907213
171.0793	0.545907213
172.0828	0.545907213
173.0946	0.545907213
174.0986	0.545907213
175.0755	0.545907213
175.1101	0.545907213
177.0899	0.545907213
179.0693	0.545907213
181.0855	0.545907213
183.0788	0.545907213
185.0595	0.545907213
185.0949	0.545907213
186.0981	0.545907213
187.0742	0.545907213
187.1111	0.545907213
188.0775	0.545907213
189.0889	0.545907213
195.0801	0.545907213
197.0956	0.545907213
197.1316	0.545907213
198.0984	0.545907213
199.1105	0.545907213
200.115	0.545907213
201.0903	0.545907213
203.1046	0.545907213
207.114	0.545907213
209.0949	0.545907213
210.1014	0.545907213
211.1105	0.545907213
212.1151	0.545907213
213.0895	0.545907213
213.1268	0.545907213
214.1301	0.545907213
215.1054	0.545907213
215.1424	0.545907213
216.146	0.545907213
219.1153	0.545907213
221.095	0.545907213
221.1309	0.545907213
223.1112	0.545907213
224.1162	0.545907213
225.1267	0.545907213
226.1299	0.545907213
227.106	0.545907213
227.1418	0.545907213
229.1206	0.545907213
231.1009	0.545907213
233.0948	0.545907213
235.1112	0.545907213
235.1473	0.545907213
236.1166	0.545907213
237.0905	0.545907213
237.1272	0.545907213
238.1293	0.545907213
239.1071	0.545907213
239.1423	0.545907213
240.1476	0.545907213
241.1217	0.545907213
241.1587	0.545907213
242.1265	0.545907213
243.1024	0.545907213
243.1368	0.545907213
244.1411	0.545907213
245.1325	0.545907213
247.111	0.545907213
247.1475	0.545907213
249.1269	0.545907213
250.1314	0.545907213
251.106	0.545907213
251.1426	0.545907213
252.1463	0.545907213
253.1218	0.545907213
253.1583	0.545907213
254.1256	0.545907213
254.1618	0.545907213
255.138	0.545907213
255.1723	0.545907213
256.1438	0.545907213
257.1177	0.545907213
257.1308	0.545907213
257.1518	0.545907213
259.111	0.545907213
260.1174	0.545907213
261.1267	0.545907213
262.1314	0.545907213
263.1424	0.545907213
264.146	0.545907213
265.1213	0.545907213
265.1583	0.545907213
266.1621	0.545907213
267.1375	0.545907213
268.1423	0.545907213
269.1169	0.545907213
269.1518	0.545907213
270.1559	0.545907213
271.1318	0.545907213
273.127	0.545907213
274.1311	0.545907213
275.1426	0.545907213
276.1454	0.545907213
277.1221	0.545907213
277.1576	0.545907213
278.128	0.545907213
279.1378	0.545907213
280.1425	0.545907213
281.1533	0.545907213
282.157	0.545907213
283.1334	0.545907213
283.1682	0.545907213
284.1502	0.545907213
284.1713	0.545907213
285.1268	0.545907213
291.1374	0.545907213
292.1419	0.545907213
293.1535	0.545907213
294.1561	0.545907213
295.1327	0.545907213
296.1378	0.545907213
297.1481	0.545907213
298.1519	0.545907213
299.1455	0.545907213
299.1618	0.545907213
301.1587	0.545907213
301.18	0.545907213
303.1378	0.545907213
304.1414	0.545907213
309.1479	0.545907213
310.1511	0.545907213
311.1642	0.545907213
312.1671	0.545907213
313.1622	0.545907213
314.1632	0.545907213
315.1551	0.545907213
315.1642	0.545907213
321.1483	0.545907213
322.1509	0.545907213
323.1502	0.545907213
325.1421	0.545907213
327.1588	0.545907213
328.1612	0.545907213
329.1741	0.545907213
330.177	0.545907213
331.1735	0.545907213
337.1432	0.545907213
339.1591	0.545907213
340.162	0.545907213
341.1578	0.545907213
342.1582	0.545907213
343.1532	0.545907213
344.1572	0.545907213
351.1958	0.545907213
355.152	0.545907213
357.1697	0.545907213
358.1725	0.545907213
359.1686	0.545907213
360.1686	0.545907213
361.1799	0.545907213
369.2102	0.545907213
379.1899	0.545907213
380.1942	0.545907213
397.2012	0.545907213
398.2044	0.545907213
399.2062	0.545907213
415.2117	0.545907213
416.2146	0.545907213
417.2156	0.545907213
435.2174	0.545907213
436.2217	0.545907213
226.0698	0.545907213
