259.1355	0.7947531163
260.1386	0.7947531163
261.1417	0.7947531163
267.0807	0.7947531163
268.0869	0.7947531163
279.0805	0.7947531163
280.0865	0.7947531163
281.08	0.7947531163
281.0947	0.7947531163
282.1041	0.7947531163
283.1071	0.7947531163
284.1015	0.7947531163
294.1043	0.7947531163
295.1075	0.7947531163
296.1017	0.7947531163
309.1149	0.7947531163
311.131	0.7947531163
312.1342	0.7947531163
313.1284	0.7947531163
167.0732	0.7947531163
168.0794	0.7947531163
169.0821	0.7947531163
188.0262	0.7947531163
201.034	0.7947531163
202.0398	0.7947531163
203.0479	0.7947531163
204.0364	0.7947531163
205.0463	0.7947531163
217.068	0.7947531163
220.0125	0.7947531163
222.0131	0.7947531163
222.0525	0.7947531163
223.0579	0.7947531163
224.008	0.7947531163
232.0126	0.7947531163
232.0303	0.7947531163
233.0131	0.7947531163
234.0095	0.7947531163
235.0584	0.7947531163
236.0678	0.7947531163
237.0751	0.7947531163
238.0777	0.7947531163
244.0129	0.7947531163
245.016	0.7947531163
246.0107	0.7947531163
247.0133	0.7947531163
250.0243	0.7947531163
252.0176	0.7947531163
252.0359	0.7947531163
254.0381	0.7947531163
263.0548	0.7947531163
270.0294	0.7947531163
272.045	0.7947531163
278.0195	0.7947531163
280.0163	0.7947531163
167.0732	0.7947531163
