220.0386	0.8567514806
244.0763	0.8567514806
245.0794	0.8567514806
246.0817	0.8567514806
262.087	0.8567514806
263.0901	0.8567514806
264.0925	0.8567514806
123.1	0.8567514806
138.9	0.8533555071
142.9	0.8533555071
152.3	0.8533555071
157	0.8533555071
159.7	0.8533555071
160.5	0.8533555071
161.3	0.8533555071
170.7	0.8533555071
174.8	0.8533555071
179.4	0.8533555071
181.2	0.8533555071
190	0.8533555071
201.3	0.8533555071
211.8	0.8533555071
214	0.8533555071
218	0.8533555071
229.8	0.8533555071
230.1	0.8533555071
231.6	0.8533555071
233.3	0.8533555071
238.4	0.8533555071
244.5	0.8533555071
247.6	0.8533555071
257.3	0.8533555071
258.5	0.8533555071
259.7	0.8533555071
261.3	0.8533555071
274.7	0.8533555071
275.5	0.8533555071
276.5	0.8533555071
291.4	0.8533555071
159.0444	0.8533555071
