168.0794	0.7328090954
169.0821	0.7328090954
188.0262	0.7328090954
201.034	0.7328090954
202.0398	0.7328090954
203.0479	0.7328090954
204.0364	0.7328090954
205.0463	0.7328090954
217.068	0.7328090954
220.0125	0.7328090954
222.0131	0.7328090954
222.0525	0.7328090954
223.0579	0.7328090954
224.008	0.7328090954
232.0126	0.7328090954
232.0303	0.7328090954
233.0131	0.7328090954
234.0095	0.7328090954
235.0584	0.7328090954
236.0678	0.7328090954
237.0751	0.7328090954
238.0777	0.7328090954
244.0129	0.7328090954
245.016	0.7328090954
246.0107	0.7328090954
247.0133	0.7328090954
250.0243	0.7328090954
252.0176	0.7328090954
252.0359	0.7328090954
254.0381	0.7328090954
263.0548	0.7328090954
270.0294	0.7328090954
272.045	0.7328090954
278.0195	0.7328090954
280.0163	0.7328090954
115.0543	0.7328090954
