129.0542	0.14016402
130.0576	0.14016402
147.0646	0.14016402
157.1008	0.14016402
319.1681	0.14016402
320.1714	0.14016402
321.1829	0.14016402
331.1682	0.14016402
333.1831	0.14016402
337.1786	0.14016402
338.1821	0.14016402
339.1926	0.14016402
349.1785	0.14016402
350.1818	0.14016402
351.1938	0.14016402
355.1892	0.14016402
356.1926	0.14016402
357.2025	0.14016402
367.189	0.14016402
368.1923	0.14016402
369.204	0.14016402
370.2076	0.14016402
373.1996	0.14016402
374.203	0.14016402
375.2057	0.14016402
385.1996	0.14016402
386.2029	0.14016402
387.2082	0.14016402
403.2101	0.14016402
404.2135	0.14016402
405.2163	0.14016402
421.2205	0.14016402
422.2239	0.14016402
423.227	0.14016402
439.2311	0.14016402
440.2345	0.14016402
441.2367	0.14016402
465.2257	0.14016402
477.2253	0.14016402
483.2358	0.14016402
495.2357	0.14016402
496.2396	0.14016402
513.2462	0.14016402
514.2494	0.14016402
531.2567	0.14016402
532.2597	0.14016402
549.2671	0.14016402
550.2702	0.14016402
567.2776	0.14016402
568.281	0.14016402
585.2881	0.14016402
586.2916	0.14016402
587.294	0.14016402
372.2168	0.14016402
