71.8	0.7170811018
80.7	0.7170811018
82.8	0.7170811018
87.1	0.7170811018
88.1	0.7170811018
88.7	0.7170811018
91.2	0.7170811018
96.9	0.7170811018
98.9	0.7170811018
100.8	0.7170811018
102.3	0.7170811018
104.9	0.7170811018
106.1	0.7170811018
116.2	0.7170811018
117	0.7170811018
118.1	0.7170811018
119.1	0.7170811018
120.8	0.7170811018
124	0.7170811018
124.8	0.7170811018
126.6	0.7170811018
128.3	0.7170811018
129.7	0.7170811018
131.2	0.7170811018
134.1	0.7170811018
135	0.7170811018
136	0.7170811018
137.2	0.7170811018
146.4	0.7170811018
147.3	0.7170811018
149.3	0.7170811018
150	0.7170811018
151.1	0.7170811018
152.2	0.7170811018
158.7	0.7170811018
162.2	0.7170811018
163.3	0.7170811018
164.3	0.7170811018
164.7	0.7170811018
166.1	0.7170811018
177	0.7170811018
178.4	0.7170811018
179.1	0.7170811018
186.8	0.7170811018
188.2	0.7170811018
191.2	0.7170811018
206.1	0.7170811018
207.1	0.7170811018
208.2	0.7170811018
222.2	0.7170811018
223.3	0.7170811018
109.0653	0.7170811018
