80.6	0.3446247204
83.5	0.3446247204
84.6	0.3446247204
95	0.3446247204
96.1	0.3446247204
97	0.3446247204
99	0.3446247204
101.1	0.3446247204
104.6	0.3446247204
105	0.3446247204
105.9	0.3446247204
106.7	0.3446247204
109	0.3446247204
112.2	0.3446247204
114	0.3446247204
117.2	0.3446247204
118.6	0.3446247204
120.7	0.3446247204
122.1	0.3446247204
123.9	0.3446247204
130.9	0.3446247204
133.3	0.3446247204
135.2	0.3446247204
137	0.3446247204
139	0.3446247204
140	0.3446247204
142.8	0.3446247204
147.2	0.3446247204
151.1	0.3446247204
151.4	0.3446247204
152	0.3446247204
164.8	0.3446247204
170.2	0.3446247204
172.9	0.3446247204
180	0.3446247204
182.9	0.3446247204
197.2	0.3446247204
198.4	0.3446247204
215.5	0.3446247204
166.0279	0.3446247204
