44.1	0.7846896256
56.3	0.7846896256
57.3	0.7846896256
58.1	0.7846896256
68.4	0.7846896256
70	0.7846896256
70.8	0.7846896256
72.2	0.7846896256
73.6	0.7846896256
78.3	0.7846896256
80.3	0.7846896256
80.5	0.7846896256
82.3	0.7846896256
83.2	0.7846896256
84.1	0.7846896256
85.3	0.7846896256
87	0.7846896256
89.2	0.7846896256
91.1	0.7846896256
94.9	0.7846896256
95.9	0.7846896256
97.1	0.7846896256
98	0.7846896256
99	0.7846896256
100	0.7846896256
101	0.7846896256
102.7	0.7846896256
105.1	0.7846896256
106	0.7846896256
109.3	0.7846896256
111.2	0.7846896256
113.2	0.7846896256
115.1	0.7846896256
117	0.7846896256
118.3	0.7846896256
120.3	0.7846896256
123.1	0.7846896256
124.2	0.7846896256
124.9	0.7846896256
127.1	0.7846896256
128.9	0.7846896256
130.4	0.7846896256
131.9	0.7846896256
133.1	0.7846896256
134.2	0.7846896256
136.9	0.7846896256
139.1	0.7846896256
140.1	0.7846896256
141	0.7846896256
141.9	0.7846896256
143.1	0.7846896256
144.1	0.7846896256
145.2	0.7846896256
146.1	0.7846896256
147	0.7846896256
148.4	0.7846896256
149.3	0.7846896256
153.5	0.7846896256
155.2	0.7846896256
157.1	0.7846896256
158.2	0.7846896256
159	0.7846896256
160.2	0.7846896256
161.1	0.7846896256
162.1	0.7846896256
163.1	0.7846896256
168.2	0.7846896256
170.2	0.7846896256
171.1	0.7846896256
171.3	0.7846896256
172.4	0.7846896256
173.2	0.7846896256
175.2	0.7846896256
177.3	0.7846896256
179	0.7846896256
182.9	0.7846896256
185.1	0.7846896256
185.5	0.7846896256
187.1	0.7846896256
188.3	0.7846896256
189.5	0.7846896256
191.4	0.7846896256
197.2	0.7846896256
199.4	0.7846896256
200.5	0.7846896256
201.4	0.7846896256
202.6	0.7846896256
204.4	0.7846896256
214.2	0.7846896256
215.4	0.7846896256
216.2	0.7846896256
217.5	0.7846896256
230	0.7846896256
232.4	0.7846896256
44.2	0.7846896256
