60.9	0.9057842882
68.8	0.9057842882
71	0.9057842882
81.3	0.9057842882
82.8	0.9057842882
85.3	0.9057842882
95.2	0.9057842882
98.7	0.9057842882
101.2	0.9057842882
103.9	0.9057842882
105	0.9057842882
106.1	0.9057842882
107	0.9057842882
109.3	0.9057842882
112.9	0.9057842882
115.4	0.9057842882
117.9	0.9057842882
119.3	0.9057842882
131.6	0.9057842882
135	0.9057842882
138.2	0.9057842882
144	0.9057842882
145	0.9057842882
148	0.9057842882
153.3	0.9057842882
156.1	0.9057842882
157	0.9057842882
164.9	0.9057842882
172.3	0.9057842882
174.1	0.9057842882
182.3	0.9057842882
185.3	0.9057842882
193.3	0.9057842882
198.2	0.9057842882
205.9	0.9057842882
210.2	0.9057842882
211.5	0.9057842882
217.5	0.9057842882
221	0.9057842882
224.4	0.9057842882
226.4	0.9057842882
228.5	0.9057842882
229.3	0.9057842882
235.1	0.9057842882
241.9	0.9057842882
247.5	0.9057842882
252.2	0.9057842882
253	0.9057842882
270.5	0.9057842882
271.5	0.9057842882
288.3	0.9057842882
261.1024	0.9057842882
