105.0719	0.5863590335
115.0551	0.5863590335
117.0723	0.5863590335
118.0425	0.5863590335
130.0394	0.5863590335
131.0498	0.5863590335
143.0495	0.5863590335
145.0235	0.5863590335
145.0627	0.5863590335
146.0356	0.5863590335
158.032	0.5863590335
161.0558	0.5863590335
161.065	0.5863590335
173.025	0.5863590335
173.0574	0.5863590335
174.0295	0.5863590335
174.076	0.5863590335
202.0247	0.5863590335
202.0644	0.5863590335
202.0851	0.5863590335
202.1249	0.5863590335
202.1568	0.5863590335
202.202	0.5863590335
202.3609	0.5863590335
217.0466	0.5863590335
165.089	0.5863590335
