81	0.5594935353
86.2	0.5594935353
105.1	0.5594935353
114.9	0.5594935353
116	0.5594935353
120.2	0.5594935353
121.2	0.5594935353
123	0.5594935353
129.2	0.5594935353
129.9	0.5594935353
132.1	0.5594935353
135.8	0.5594935353
144.3	0.5594935353
150.3	0.5594935353
150.6	0.5594935353
164.9	0.5594935353
172.4	0.5594935353
173.4	0.5594935353
174.3	0.5594935353
179	0.5594935353
190.3	0.5594935353
195.5	0.5594935353
196.2	0.5594935353
197.2	0.5594935353
203.2	0.5594935353
218.3	0.5594935353
219.3	0.5594935353
228.1	0.5594935353
235.2	0.5594935353
246.7	0.5594935353
249.4	0.5594935353
263.5	0.5594935353
274.6	0.5594935353
291.7	0.5594935353
292.2	0.5594935353
309.5	0.5594935353
245.1074	0.5594935353
