129.0683	0.7476258148
131.048	0.7476258148
147.0791	0.7476258148
155.084	0.7476258148
163.0377	0.7476258148
164.0409	0.7476258148
167.0837	0.7476258148
171.0789	0.7476258148
173.0218	0.7476258148
179.0839	0.7476258148
183.0791	0.7476258148
184.0823	0.7476258148
189.0528	0.7476258148
191.0326	0.7476258148
192.0356	0.7476258148
205.0634	0.7476258148
223.0738	0.7476258148
224.0767	0.7476258148
233.0588	0.7476258148
251.0695	0.7476258148
252.0727	0.7476258148
253.0752	0.7476258148
300.0895	0.7476258148
302.1011	0.7476258148
303.1093	0.7476258148
332.0777	0.7476258148
362.0775	0.7476258148
363.0779	0.7476258148
382.0832	0.7476258148
383.0857	0.7476258148
384.0823	0.7476258148
116.1061	0.7476258148
