121.0652	0.8060203921
121.1012	0.8060203921
123.081	0.8060203921
129.0701	0.8060203921
131.0858	0.8060203921
133.101	0.8060203921
135.081	0.8060203921
135.1174	0.8060203921
136.0851	0.8060203921
137.0963	0.8060203921
143.0844	0.8060203921
145.1013	0.8060203921
147.0808	0.8060203921
147.1177	0.8060203921
149.0963	0.8060203921
149.134	0.8060203921
151.1114	0.8060203921
153.091	0.8060203921
155.0856	0.8060203921
157.1013	0.8060203921
159.0808	0.8060203921
159.1167	0.8060203921
161.0964	0.8060203921
161.1332	0.8060203921
162.1002	0.8060203921
163.1122	0.8060203921
164.1157	0.8060203921
169.1014	0.8060203921
171.0823	0.8060203921
171.1173	0.8060203921
173.097	0.8060203921
173.1327	0.8060203921
174.101	0.8060203921
175.112	0.8060203921
176.1153	0.8060203921
177.1283	0.8060203921
179.109	0.8060203921
181.1012	0.8060203921
183.1175	0.8060203921
185.0983	0.8060203921
185.1334	0.8060203921
186.136	0.8060203921
187.112	0.8060203921
187.1491	0.8060203921
188.1162	0.8060203921
189.1281	0.8060203921
191.1446	0.8060203921
193.1229	0.8060203921
194.1267	0.8060203921
195.1184	0.8060203921
195.1389	0.8060203921
197.0971	0.8060203921
197.1339	0.8060203921
199.1131	0.8060203921
199.1474	0.8060203921
201.1279	0.8060203921
201.1671	0.8060203921
203.107	0.8060203921
203.1439	0.8060203921
205.1232	0.8060203921
207.1383	0.8060203921
209.1334	0.8060203921
210.1363	0.8060203921
211.1132	0.8060203921
211.149	0.8060203921
213.1294	0.8060203921
213.1646	0.8060203921
215.1445	0.8060203921
219.1398	0.8060203921
223.1484	0.8060203921
225.1305	0.8060203921
225.1647	0.8060203921
227.144	0.8060203921
229.1241	0.8060203921
229.159	0.8060203921
230.1621	0.8060203921
233.1349	0.8060203921
233.1546	0.8060203921
234.158	0.8060203921
235.1482	0.8060203921
237.1297	0.8060203921
237.1637	0.8060203921
239.1441	0.8060203921
239.2408	0.8060203921
241.1599	0.8060203921
242.1647	0.8060203921
243.1753	0.8060203921
245.1543	0.8060203921
247.1694	0.8060203921
249.1646	0.8060203921
251.148	0.8060203921
251.1804	0.8060203921
252.1841	0.8060203921
253.1595	0.8060203921
253.1963	0.8060203921
254.1644	0.8060203921
254.2061	0.8060203921
255.1755	0.8060203921
256.1795	0.8060203921
259.1728	0.8060203921
263.1795	0.8060203921
265.1607	0.8060203921
265.1966	0.8060203921
266.2006	0.8060203921
267.1766	0.8060203921
269.1555	0.8060203921
269.1925	0.8060203921
270.1944	0.8060203921
271.1702	0.8060203921
271.2084	0.8060203921
272.1733	0.8060203921
272.2108	0.8060203921
275.1798	0.8060203921
276.1883	0.8060203921
281.1909	0.8060203921
282.1924	0.8060203921
283.1712	0.8060203921
283.2067	0.8060203921
284.2082	0.8060203921
285.1859	0.8060203921
287.2046	0.8060203921
293.1915	0.8060203921
294.1948	0.8060203921
295.1974	0.8060203921
299.202	0.8060203921
300.2071	0.8060203921
301.1861	0.8060203921
303.1986	0.8060203921
311.2028	0.8060203921
312.2059	0.8060203921
313.2096	0.8060203921
329.2134	0.8060203921
330.2169	0.8060203921
331.2208	0.8060203921
347.2242	0.8060203921
348.2273	0.8060203921
349.2296	0.8060203921
153.0675	0.8060203921
