121.064	0.645896
122.0685	0.645896
123.0794	0.645896
125.0588	0.645896
133.0634	0.645896
135.0796	0.645896
136.0855	0.645896
137.06	0.645896
137.0954	0.645896
139.0549	0.645896
139.0731	0.645896
139.0909	0.645896
141.0899	0.645896
145.0645	0.645896
147.08	0.645896
148.0811	0.645896
149.0947	0.645896
151.0745	0.645896
153.0891	0.645896
159.079	0.645896
161.0941	0.645896
163.0736	0.645896
163.0905	0.645896
165.0701	0.645896
165.0918	0.645896
167.1055	0.645896
169.0646	0.645896
171.079	0.645896
172.0831	0.645896
173.0953	0.645896
175.0739	0.645896
177.0883	0.645896
179.0863	0.645896
181.1012	0.645896
183.0806	0.645896
185.0581	0.645896
185.0951	0.645896
187.0738	0.645896
187.1099	0.645896
188.0816	0.645896
189.0721	0.645896
189.0897	0.645896
189.1052	0.645896
191.0853	0.645896
193.0851	0.645896
193.1018	0.645896
195.0978	0.645896
197.0944	0.645896
199.0891	0.645896
199.1102	0.645896
201.0896	0.645896
203.0836	0.645896
205.0646	0.645896
205.1007	0.645896
207.1156	0.645896
209.0953	0.645896
210.1017	0.645896
211.0909	0.645896
211.1106	0.645896
212.1144	0.645896
213.0897	0.645896
213.1041	0.645896
213.1275	0.645896
214.095	0.645896
219.099	0.645896
219.1166	0.645896
221.0975	0.645896
222.1026	0.645896
223.1105	0.645896
224.1144	0.645896
225.0885	0.645896
225.127	0.645896
226.1313	0.645896
227.1051	0.645896
227.1233	0.645896
227.1422	0.645896
233.0921	0.645896
235.1114	0.645896
236.1147	0.645896
237.0913	0.645896
237.1267	0.645896
238.13	0.645896
239.1087	0.645896
239.142	0.645896
240.1146	0.645896
241.121	0.645896
245.1323	0.645896
247.1106	0.645896
247.1463	0.645896
248.1182	0.645896
249.1247	0.645896
251.1066	0.645896
251.1432	0.645896
252.1452	0.645896
253.1216	0.645896
254.1254	0.645896
255.124	0.645896
256.1195	0.645896
256.1411	0.645896
257.1326	0.645896
259.111	0.645896
260.1196	0.645896
261.1263	0.645896
262.1323	0.645896
263.1429	0.645896
265.1221	0.645896
265.1566	0.645896
267.173	0.645896
271.112	0.645896
271.1461	0.645896
273.1281	0.645896
274.1328	0.645896
275.1051	0.645896
275.1426	0.645896
276.1475	0.645896
277.122	0.645896
277.1579	0.645896
278.1284	0.645896
278.1616	0.645896
279.1366	0.645896
279.1727	0.645896
280.1425	0.645896
280.1762	0.645896
281.1532	0.645896
287.1422	0.645896
288.1436	0.645896
289.1582	0.645896
290.1628	0.645896
291.1382	0.645896
291.1628	0.645896
292.1456	0.645896
293.1288	0.645896
293.1537	0.645896
294.1564	0.645896
295.1688	0.645896
296.1709	0.645896
297.1657	0.645896
299.1418	0.645896
305.153	0.645896
306.1543	0.645896
307.1691	0.645896
308.1724	0.645896
309.1446	0.645896
309.1637	0.645896
310.1503	0.645896
311.1616	0.645896
313.1606	0.645896
313.1842	0.645896
315.1734	0.645896
317.1534	0.645896
318.1552	0.645896
319.1497	0.645896
323.1636	0.645896
324.1671	0.645896
325.1804	0.645896
326.1811	0.645896
327.1744	0.645896
329.1718	0.645896
333.1647	0.645896
335.1639	0.645896
336.1666	0.645896
337.1616	0.645896
338.1584	0.645896
343.1712	0.645896
345.1725	0.645896
347.1826	0.645896
351.1754	0.645896
353.1748	0.645896
354.1766	0.645896
355.1688	0.645896
356.1725	0.645896
357.1591	0.645896
357.1712	0.645896
361.1849	0.645896
363.1752	0.645896
371.1841	0.645896
372.1885	0.645896
373.1804	0.645896
374.1859	0.645896
375.1721	0.645896
391.1926	0.645896
392.1923	0.645896
393.1867	0.645896
394.1876	0.645896
411.1973	0.645896
412.2016	0.645896
74.0982	0.645896
