121.0642	0.449101849
121.1003	0.449101849
133.041	0.449101849
133.1004	0.449101849
135.0364	0.449101849
135.0793	0.449101849
136.0814	0.449101849
145.0405	0.449101849
147.079	0.449101849
148.0831	0.449101849
149.0932	0.449101849
155.0613	0.449101849
157.0383	0.449101849
157.1001	0.449101849
159.0792	0.449101849
161.0579	0.449101849
161.0957	0.449101849
163.0733	0.449101849
167.061	0.449101849
169.04	0.449101849
169.0643	0.449101849
169.0764	0.449101849
171.0564	0.449101849
171.0792	0.449101849
172.0599	0.449101849
172.0835	0.449101849
173.0535	0.449101849
173.0948	0.449101849
174.0985	0.449101849
175.1123	0.449101849
177.0904	0.449101849
179.0606	0.449101849
181.0388	0.449101849
183.0558	0.449101849
183.0799	0.449101849
185.0565	0.449101849
185.0725	0.449101849
185.0955	0.449101849
186.0711	0.449101849
186.1001	0.449101849
187.0498	0.449101849
187.0744	0.449101849
187.1104	0.449101849
188.0799	0.449101849
189.0899	0.449101849
191.0614	0.449101849
193.0588	0.449101849
193.0762	0.449101849
195.0555	0.449101849
195.0735	0.449101849
197.0725	0.449101849
197.0958	0.449101849
199.0753	0.449101849
199.1089	0.449101849
203.1081	0.449101849
205.0771	0.449101849
207.0559	0.449101849
207.0752	0.449101849
209.0705	0.449101849
209.0967	0.449101849
210.0998	0.449101849
211.1094	0.449101849
213.068	0.449101849
213.0914	0.449101849
213.1259	0.449101849
219.0575	0.449101849
221.0723	0.449101849
221.0946	0.449101849
223.1104	0.449101849
224.119	0.449101849
225.1249	0.449101849
227.107	0.449101849
227.1418	0.449101849
229.0787	0.449101849
231.0328	0.449101849
233.028	0.449101849
233.0718	0.449101849
233.0939	0.449101849
235.1104	0.449101849
235.1479	0.449101849
237.1267	0.449101849
238.1308	0.449101849
239.1413	0.449101849
241.0851	0.449101849
241.1227	0.449101849
241.1573	0.449101849
242.1255	0.449101849
247.0528	0.449101849
247.0883	0.449101849
248.1189	0.449101849
249.1264	0.449101849
253.1579	0.449101849
254.1635	0.449101849
255.1028	0.449101849
257.0713	0.449101849
259.0867	0.449101849
259.1479	0.449101849
260.0969	0.449101849
260.1228	0.449101849
261.0643	0.449101849
261.0837	0.449101849
261.1254	0.449101849
261.1601	0.449101849
262.1324	0.449101849
263.1422	0.449101849
264.1454	0.449101849
265.0935	0.449101849
265.1492	0.449101849
267.1023	0.449101849
267.1732	0.449101849
271.0905	0.449101849
273.0913	0.449101849
273.1015	0.449101849
273.1291	0.449101849
273.1634	0.449101849
274.1346	0.449101849
275.1416	0.449101849
276.1473	0.449101849
277.1583	0.449101849
278.1652	0.449101849
279.1736	0.449101849
280.1766	0.449101849
281.1177	0.449101849
281.1533	0.449101849
281.1836	0.449101849
282.1556	0.449101849
283.0669	0.449101849
285.0556	0.449101849
285.0665	0.449101849
285.1075	0.449101849
286.1329	0.449101849
287.1215	0.449101849
288.1508	0.449101849
289.1558	0.449101849
291.1749	0.449101849
292.1774	0.449101849
295.0899	0.449101849
295.1687	0.449101849
296.1689	0.449101849
297.1014	0.449101849
297.1821	0.449101849
298.1853	0.449101849
299.0857	0.449101849
299.1204	0.449101849
300.122	0.449101849
301.1173	0.449101849
301.1583	0.449101849
302.1623	0.449101849
305.1121	0.449101849
305.1541	0.449101849
306.1609	0.449101849
307.1653	0.449101849
309.1022	0.449101849
309.139	0.449101849
309.1859	0.449101849
311.1188	0.449101849
313.1052	0.449101849
313.1352	0.449101849
314.1403	0.449101849
315.1264	0.449101849
315.15	0.449101849
316.1529	0.449101849
317.1324	0.449101849
317.1504	0.449101849
319.169	0.449101849
320.1729	0.449101849
321.177	0.449101849
327.1499	0.449101849
328.1555	0.449101849
329.1251	0.449101849
329.1471	0.449101849
331.1403	0.449101849
333.1479	0.449101849
337.1357	0.449101849
337.1802	0.449101849
338.138	0.449101849
338.1843	0.449101849
339.1328	0.449101849
340.1367	0.449101849
343.1468	0.449101849
345.1625	0.449101849
346.1634	0.449101849
347.1569	0.449101849
355.1456	0.449101849
356.1488	0.449101849
357.1438	0.449101849
358.1464	0.449101849
363.093	0.449101849
363.1348	0.449101849
364.095	0.449101849
365.0892	0.449101849
373.1107	0.449101849
373.1564	0.449101849
374.1151	0.449101849
374.1587	0.449101849
375.1099	0.449101849
375.1537	0.449101849
376.1579	0.449101849
391.122	0.449101849
391.1895	0.449101849
392.1254	0.449101849
393.12	0.449101849
394.1259	0.449101849
395.1178	0.449101849
409.1299	0.449101849
410.1304	0.449101849
411.1301	0.449101849
412.1339	0.449101849
415.1425	0.449101849
427.1679	0.449101849
449.1486	0.449101849
457.181	0.449101849
467.161	0.449101849
468.1682	0.449101849
469.1619	0.449101849
485.1757	0.449101849
486.174	0.449101849
503.1388	0.449101849
504.1409	0.449101849
505.1357	0.449101849
507.1313	0.449101849
521.1522	0.449101849
522.1534	0.449101849
120.0456	0.449101849
