69.2	0.692592486
70.9	0.692592486
81	0.692592486
83	0.692592486
85	0.692592486
91.2	0.692592486
95.2	0.692592486
97.2	0.692592486
98.9	0.692592486
104.9	0.692592486
106.8	0.692592486
110.4	0.692592486
111.2	0.692592486
112.3	0.692592486
113.9	0.692592486
120.9	0.692592486
123.3	0.692592486
125.2	0.692592486
128.8	0.692592486
129.2	0.692592486
131.3	0.692592486
135.2	0.692592486
136.3	0.692592486
137.8	0.692592486
138.9	0.692592486
142.9	0.692592486
145	0.692592486
148.1	0.692592486
153.7	0.692592486
157.2	0.692592486
162.9	0.692592486
163.3	0.692592486
169.1	0.692592486
171.2	0.692592486
173.2	0.692592486
181.2	0.692592486
188.4	0.692592486
198	0.692592486
199.5	0.692592486
216.2	0.692592486
119.0852	0.692592486
