189.0653	0.3921160309
191.0468	0.3921160309
192.0798	0.3921160309
193.0868	0.3921160309
194.0955	0.3921160309
206.0835	0.3921160309
207.0765	0.3921160309
207.09	0.3921160309
208.0949	0.3921160309
210.0901	0.3921160309
211.094	0.3921160309
220.0986	0.3921160309
234.1136	0.3921160309
235.0969	0.3921160309
235.122	0.3921160309
236.1271	0.3921160309
263.1281	0.3921160309
264.1312	0.3921160309
265.1323	0.3921160309
338.104	0.3921160309
339.1083	0.3921160309
349.1063	0.3921160309
350.0906	0.3921160309
352.1065	0.3921160309
353.1115	0.3921160309
367.1171	0.3921160309
380.1388	0.3921160309
381.1379	0.3921160309
395.1486	0.3921160309
396.1569	0.3921160309
423.1561	0.3921160309
424.1593	0.3921160309
441.1673	0.3921160309
143.0841	0.3921160309
