133.0992	0.7329727354
135.1156	0.7329727354
145.0997	0.7329727354
147.1163	0.7329727354
159.1161	0.7329727354
161.095	0.7329727354
161.132	0.7329727354
173.1303	0.7329727354
175.1105	0.7329727354
175.1469	0.7329727354
177.1267	0.7329727354
179.1069	0.7329727354
185.1322	0.7329727354
187.1495	0.7329727354
189.1648	0.7329727354
191.1407	0.7329727354
199.1485	0.7329727354
200.1522	0.7329727354
201.1633	0.7329727354
203.1064	0.7329727354
203.1767	0.7329727354
213.1615	0.7329727354
215.1786	0.7329727354
216.1833	0.7329727354
229.1942	0.7329727354
255.2104	0.7329727354
256.2136	0.7329727354
273.2211	0.7329727354
274.223	0.7329727354
289.2186	0.7329727354
291.2322	0.7329727354
292.2369	0.7329727354
166.0685	0.7329727354
