122.0674	0.8976823731
132.0559	0.8976823731
135.0793	0.8976823731
147.0794	0.8976823731
148.0827	0.8976823731
152.1421	0.8976823731
159.0793	0.8976823731
160.0831	0.8976823731
173.0951	0.8976823731
174.0992	0.8976823731
177.114	0.8976823731
178.1207	0.8976823731
183.1159	0.8976823731
189.1258	0.8976823731
215.1427	0.8976823731
216.1457	0.8976823731
217.151	0.8976823731
260.2006	0.8976823731
261.2038	0.8976823731
262.207	0.8976823731
278.2126	0.8976823731
279.2154	0.8976823731
280.2179	0.8976823731
62.8	0.8976823731
