135.0796	0.7856923774
135.1159	0.7856923774
139.0735	0.7856923774
145.0995	0.7856923774
147.0798	0.7856923774
161.0946	0.7856923774
163.1107	0.7856923774
164.1138	0.7856923774
171.1152	0.7856923774
173.0949	0.7856923774
189.0903	0.7856923774
191.1062	0.7856923774
199.1095	0.7856923774
225.1257	0.7856923774
239.1409	0.7856923774
241.1209	0.7856923774
241.1563	0.7856923774
255.1736	0.7856923774
257.153	0.7856923774
261.1479	0.7856923774
265.1588	0.7856923774
267.1384	0.7856923774
267.1737	0.7856923774
268.1775	0.7856923774
279.1733	0.7856923774
283.1689	0.7856923774
284.1742	0.7856923774
285.1832	0.7856923774
295.1684	0.7856923774
297.1875	0.7856923774
299.1645	0.7856923774
300.1701	0.7856923774
301.1793	0.7856923774
302.1836	0.7856923774
307.1694	0.7856923774
313.1794	0.7856923774
315.1944	0.7856923774
325.1793	0.7856923774
326.1829	0.7856923774
343.1898	0.7856923774
344.1946	0.7856923774
361.201	0.7856923774
362.204	0.7856923774
363.207	0.7856923774
81.0708	0.7856923774
