127.0761	0.671999391
131.0858	0.671999391
143.071	0.671999391
143.0865	0.671999391
145.1012	0.671999391
147.1176	0.671999391
157.101	0.671999391
158.1072	0.671999391
159.1171	0.671999391
161.1367	0.671999391
167.1076	0.671999391
169.1018	0.671999391
171.1178	0.671999391
173.1329	0.671999391
174.1358	0.671999391
181.1003	0.671999391
183.1175	0.671999391
185.1343	0.671999391
189.0912	0.671999391
191.107	0.671999391
192.1103	0.671999391
197.1349	0.671999391
199.1484	0.671999391
200.1522	0.671999391
201.1641	0.671999391
202.1699	0.671999391
205.1249	0.671999391
207.1191	0.671999391
209.1177	0.671999391
211.151	0.671999391
215.181	0.671999391
223.0643	0.671999391
223.1489	0.671999391
224.0651	0.671999391
224.1524	0.671999391
225.1644	0.671999391
226.169	0.671999391
229.1248	0.671999391
239.1816	0.671999391
240.1821	0.671999391
243.1753	0.671999391
244.1773	0.671999391
249.1638	0.671999391
250.1685	0.671999391
257.1523	0.671999391
259.2072	0.671999391
267.1749	0.671999391
268.1795	0.671999391
285.1858	0.671999391
286.1892	0.671999391
297.0861	0.671999391
303.1965	0.671999391
304.2027	0.671999391
119.0854	0.671999391
