43.0537	0.6737273297
55.0177	0.6737273297
55.0535	0.6737273297
57.0337	0.6737273297
67.0543	0.6737273297
69.0697	0.6737273297
73.0282	0.6737273297
77.0384	0.6737273297
79.0543	0.6737273297
80.0491	0.6737273297
81.0697	0.6737273297
83.0844	0.6737273297
91.054	0.6737273297
93.0699	0.6737273297
95.0488	0.6737273297
95.0853	0.6737273297
98.975	0.6737273297
109.064	0.6737273297
109.1009	0.6737273297
110.0962	0.6737273297
112.1118	0.6737273297
117.0698	0.6737273297
119.0854	0.6737273297
126.1275	0.6737273297
136.1118	0.6737273297
137.096	0.6737273297
154.1226	0.6737273297
155.1063	0.6737273297
172.1331	0.6737273297
173.1297	0.6737273297
