81.2	0.4489304892
82.4	0.4489304892
83.3	0.4489304892
84.9	0.4489304892
91.7	0.4489304892
93.3	0.4489304892
94	0.4489304892
95.2	0.4489304892
97.1	0.4489304892
99.2	0.4489304892
101	0.4489304892
101.6	0.4489304892
102.6	0.4489304892
104.9	0.4489304892
106.4	0.4489304892
107.2	0.4489304892
109.3	0.4489304892
111.4	0.4489304892
112.2	0.4489304892
113.2	0.4489304892
115.3	0.4489304892
119.2	0.4489304892
121.4	0.4489304892
123.6	0.4489304892
125	0.4489304892
127.4	0.4489304892
133	0.4489304892
135.1	0.4489304892
138.9	0.4489304892
141	0.4489304892
142.9	0.4489304892
149	0.4489304892
151.1	0.4489304892
152.3	0.4489304892
153.3	0.4489304892
157.3	0.4489304892
161.9	0.4489304892
163	0.4489304892
167	0.4489304892
168	0.4489304892
174.4	0.4489304892
177.2	0.4489304892
180.7	0.4489304892
182.9	0.4489304892
185.1	0.4489304892
191.4	0.4489304892
195.4	0.4489304892
198.3	0.4489304892
199.5	0.4489304892
209.2	0.4489304892
226.1	0.4489304892
227.2	0.4489304892
244.4	0.4489304892
211.0859	0.4489304892
