172.0706	0.4420801782
173.0642	0.4420801782
180.0791	0.4420801782
189.0777	0.4420801782
190.0644	0.4420801782
191.0735	0.4420801782
192.0798	0.4420801782
193.0825	0.4420801782
206.0826	0.4420801782
206.0945	0.4420801782
207.0909	0.4420801782
208.0937	0.4420801782
209.0971	0.4420801782
235.0969	0.4420801782
236.1003	0.4420801782
253.108	0.4420801782
258.1017	0.4420801782
259.1049	0.4420801782
294.0781	0.4420801782
324.1488	0.4420801782
341.1754	0.4420801782
342.1777	0.4420801782
362.1408	0.4420801782
364.139	0.4420801782
365.1539	0.4420801782
377.1522	0.4420801782
378.1553	0.4420801782
379.1496	0.4420801782
380.1514	0.4420801782
405.1588	0.4420801782
406.161	0.4420801782
407.156	0.4420801782
408.159	0.4420801782
423.168	0.4420801782
424.1701	0.4420801782
425.1667	0.4420801782
310.2164	0.4420801782
