119.0848	0.692771
121.0639	0.692771
122.0676	0.692771
123.0795	0.692771
127.0736	0.692771
131.0847	0.692771
133.0638	0.692771
135.0792	0.692771
137.0588	0.692771
139.0748	0.692771
141.0536	0.692771
141.0901	0.692771
143.0846	0.692771
145.0629	0.692771
145.0995	0.692771
147.0792	0.692771
148.0821	0.692771
149.0598	0.692771
149.0938	0.692771
151.0739	0.692771
155.0691	0.692771
156.0729	0.692771
157.1008	0.692771
159.0645	0.692771
159.079	0.692771
160.0837	0.692771
161.0585	0.692771
161.0948	0.692771
163.0744	0.692771
164.0784	0.692771
165.0698	0.692771
165.0899	0.692771
167.0858	0.692771
169.0625	0.692771
171.0791	0.692771
172.0818	0.692771
173.0945	0.692771
174.0977	0.692771
175.0738	0.692771
177.0896	0.692771
179.0826	0.692771
181.0849	0.692771
182.0884	0.692771
183.0789	0.692771
185.0573	0.692771
185.0946	0.692771
186.0982	0.692771
187.0736	0.692771
187.1101	0.692771
189.0906	0.692771
191.0852	0.692771
191.1051	0.692771
193.0849	0.692771
195.0796	0.692771
195.1001	0.692771
195.1168	0.692771
197.0953	0.692771
198.099	0.692771
199.1105	0.692771
201.0892	0.692771
203.1065	0.692771
205.0852	0.692771
207.1171	0.692771
208.0865	0.692771
209.0956	0.692771
210.1001	0.692771
211.0749	0.692771
211.1109	0.692771
212.115	0.692771
213.0905	0.692771
213.1263	0.692771
214.1305	0.692771
215.1409	0.692771
221.0949	0.692771
221.1323	0.692771
222.1008	0.692771
223.111	0.692771
224.1162	0.692771
225.1264	0.692771
226.1297	0.692771
227.1063	0.692771
227.1413	0.692771
231.1003	0.692771
231.1167	0.692771
233.0943	0.692771
233.1327	0.692771
235.1111	0.692771
236.1141	0.692771
237.09	0.692771
237.1264	0.692771
238.0991	0.692771
238.1301	0.692771
239.1065	0.692771
239.142	0.692771
240.1445	0.692771
241.0842	0.692771
241.1209	0.692771
241.1563	0.692771
243.1176	0.692771
243.1367	0.692771
244.1233	0.692771
245.0946	0.692771
245.1311	0.692771
246.1019	0.692771
247.1106	0.692771
247.1493	0.692771
248.1171	0.692771
249.1266	0.692771
250.1308	0.692771
251.1056	0.692771
251.1426	0.692771
252.1094	0.692771
252.1459	0.692771
253.121	0.692771
253.1576	0.692771
254.1617	0.692771
257.132	0.692771
259.1114	0.692771
260.1173	0.692771
261.1262	0.692771
262.1313	0.692771
263.1057	0.692771
263.1425	0.692771
264.1134	0.692771
264.1453	0.692771
265.1213	0.692771
265.1575	0.692771
266.1259	0.692771
266.1614	0.692771
267.1373	0.692771
268.1394	0.692771
269.1165	0.692771
269.1532	0.692771
273.1258	0.692771
274.1293	0.692771
275.1424	0.692771
276.1457	0.692771
277.1214	0.692771
277.1571	0.692771
278.1287	0.692771
279.1008	0.692771
279.1369	0.692771
280.1409	0.692771
281.1529	0.692771
282.1554	0.692771
283.1472	0.692771
283.1675	0.692771
284.1523	0.692771
284.1716	0.692771
285.126	0.692771
285.1656	0.692771
286.13	0.692771
288.1149	0.692771
291.1379	0.692771
292.1417	0.692771
293.1529	0.692771
294.1559	0.692771
295.1323	0.692771
295.1514	0.692771
296.1367	0.692771
297.1488	0.692771
299.1432	0.692771
299.1631	0.692771
301.1584	0.692771
302.1615	0.692771
303.1373	0.692771
304.1409	0.692771
305.1438	0.692771
309.1473	0.692771
310.1521	0.692771
311.1636	0.692771
312.1672	0.692771
313.1595	0.692771
319.1323	0.692771
321.1484	0.692771
322.1515	0.692771
323.1493	0.692771
325.1446	0.692771
329.1738	0.692771
330.176	0.692771
331.1697	0.692771
332.1731	0.692771
339.1587	0.692771
340.162	0.692771
341.155	0.692771
342.1571	0.692771
343.1633	0.692771
357.171	0.692771
357.2065	0.692771
359.1643	0.692771
360.1679	0.692771
361.1786	0.692771
369.2044	0.692771
377.2132	0.692771
379.1897	0.692771
380.1953	0.692771
381.1878	0.692771
397.2006	0.692771
398.2044	0.692771
399.204	0.692771
415.2112	0.692771
416.2171	0.692771
417.2065	0.692771
418.2107	0.692771
419.215	0.692771
435.2172	0.692771
436.2212	0.692771
124.075	0.692771
