121.1013	0.7571556
123.0803	0.7571556
125.0956	0.7571556
138.0548	0.7571556
140.0704	0.7571556
141.0549	0.7571556
143.0853	0.7571556
157.1011	0.7571556
159.1165	0.7571556
161.0959	0.7571556
163.1116	0.7571556
165.0909	0.7571556
168.0657	0.7571556
169.1012	0.7571556
170.0971	0.7571556
173.1326	0.7571556
177.1275	0.7571556
180.1021	0.7571556
183.1171	0.7571556
185.0966	0.7571556
187.1119	0.7571556
189.091	0.7571556
191.1432	0.7571556
194.1175	0.7571556
201.1278	0.7571556
202.1306	0.7571556
203.1433	0.7571556
205.1226	0.7571556
206.1261	0.7571556
211.1121	0.7571556
218.1539	0.7571556
219.1382	0.7571556
220.1384	0.7571556
228.1382	0.7571556
229.1224	0.7571556
230.126	0.7571556
236.1646	0.7571556
237.149	0.7571556
246.1491	0.7571556
247.1332	0.7571556
248.1368	0.7571556
249.1396	0.7571556
264.1597	0.7571556
265.1438	0.7571556
266.1469	0.7571556
282.17	0.7571556
283.1745	0.7571556
36	0.7571556
