56.9	0.523278026
72.2	0.523278026
73.3	0.523278026
78	0.523278026
80.8	0.523278026
82.8	0.523278026
85.2	0.523278026
89	0.523278026
89.4	0.523278026
99.3	0.523278026
103.1	0.523278026
106.1	0.523278026
106.9	0.523278026
118.8	0.523278026
119.9	0.523278026
121.3	0.523278026
123.1	0.523278026
124.8	0.523278026
128.1	0.523278026
132.1	0.523278026
135.2	0.523278026
145.3	0.523278026
146.4	0.523278026
149.8	0.523278026
152.1	0.523278026
155.9	0.523278026
161.1	0.523278026
163.3	0.523278026
168	0.523278026
175.2	0.523278026
177.1	0.523278026
178.2	0.523278026
180.4	0.523278026
181.4	0.523278026
186.9	0.523278026
191.2	0.523278026
192.3	0.523278026
195.1	0.523278026
201.5	0.523278026
205.1	0.523278026
219.3	0.523278026
222.2	0.523278026
237.4	0.523278026
254.4	0.523278026
75.8	0.523278026
