105.067	0.6923408
107.048	0.6923408
108.05	0.6923408
110.032	0.6923408
115.054	0.6923408
116.075	0.6923408
117.031	0.6923408
117.065	0.6923408
117.078	0.6923408
117.934	0.6923408
119.048	0.6923408
120.036	0.6923408
120.057	0.6923408
121.029	0.6923408
121.063	0.6923408
122.027	0.6923408
123.044	0.6923408
124.01	0.6923408
124.055	0.6923408
126.042	0.6923408
126.787	0.6923408
127.053	0.6923408
128.061	0.6923408
129.068	0.6923408
129.116	0.6923408
130.076	0.6923408
131.048	0.6923408
131.087	0.6923408
131.927	0.6923408
132.055	0.6923408
132.086	0.6923408
133.065	0.6923408
134.036	0.6923408
134.065	0.6923408
134.436	0.6923408
135.043	0.6923408
136.05	0.6923408
137.02	0.6923408
137.042	0.6923408
137.057	0.6923408
139.055	0.6923408
139.729	0.6923408
140.058	0.6923408
141.069	0.6923408
142.072	0.6923408
143.064	0.6923408
144.055	0.6923408
144.111	0.6923408
145.064	0.6923408
145.079	0.6923408
145.096	0.6923408
145.923	0.6923408
146.074	0.6923408
146.923	0.6923408
146.956	0.6923408
147.045	0.6923408
147.651	0.6923408
148.049	0.6923408
150.065	0.6923408
151.057	0.6923408
152.061	0.6923408
152.918	0.6923408
153.069	0.6923408
154.075	0.6923408
155.084	0.6923408
155.122	0.6923408
156.088	0.6923408
156.741	0.6923408
156.948	0.6923408
157.064	0.6923408
158.073	0.6923408
159.078	0.6923408
159.097	0.6923408
160.052	0.6923408
161.023	0.6923408
161.06	0.6923408
163.05	0.6923408
163.582	0.6923408
163.934	0.6923408
163.98	0.6923408
164.065	0.6923408
164.925	0.6923408
164.971	0.6923408
165.069	0.6923408
165.15	0.6923408
165.186	0.6923408
165.21	0.6923408
165.248	0.6923408
165.748	0.6923408
166.071	0.6923408
167.067	0.6923408
168.054	0.6923408
168.986	0.6923408
169.063	0.6923408
170.07	0.6923408
171.044	0.6923408
171.077	0.6923408
172.044	0.6923408
172.086	0.6923408
173.061	0.6923408
173.091	0.6923408
174.056	0.6923408
174.09	0.6923408
175.045	0.6923408
176.064	0.6923408
177.951	0.6923408
179.047	0.6923408
181.063	0.6923408
182.071	0.6923408
182.14	0.6923408
183.079	0.6923408
184.083	0.6923408
184.105	0.6923408
185.059	0.6923408
185.132	0.6923408
186.066	0.6923408
187.071	0.6923408
188.081	0.6923408
188.101	0.6923408
192.055	0.6923408
192.463	0.6923408
193.064	0.6923408
194.068	0.6923408
194.139	0.6923408
195.074	0.6923408
196.047	0.6923408
197.057	0.6923408
197.093	0.6923408
198.062	0.6923408
199.074	0.6923408
200.079	0.6923408
201.086	0.6923408
202.092	0.6923408
209.055	0.6923408
210.065	0.6923408
210.096	0.6923408
210.152	0.6923408
210.869	0.6923408
211.074	0.6923408
211.149	0.6923408
211.281	0.6923408
211.314	0.6923408
212.08	0.6923408
212.164	0.6923408
213.055	0.6923408
214.06	0.6923408
215.069	0.6923408
219.049	0.6923408
226.057	0.6923408
227.068	0.6923408
227.092	0.6923408
227.17	0.6923408
228.075	0.6923408
228.141	0.6923408
229.083	0.6923408
230.086	0.6923408
230.93	0.6923408
231.093	0.6923408
240.057	0.6923408
241.572	0.6923408
252.355	0.6923408
256.936	0.6923408
263.904	0.6923408
276.579	0.6923408
290.046	0.6923408
313.102	0.6923408
357.678	0.6923408
370.852	0.6923408
385.85	0.6923408
424.196	0.6923408
491.078	0.6923408
535.609	0.6923408
565.663	0.6923408
573.603	0.6923408
121.0639	0.6923408
