135.0793	0.7177493123
137.0584	0.7177493123
139.0739	0.7177493123
141.0537	0.7177493123
147.0797	0.7177493123
148.083	0.7177493123
149.095	0.7177493123
151.0739	0.7177493123
155.0692	0.7177493123
159.0791	0.7177493123
161.0949	0.7177493123
163.0741	0.7177493123
171.0793	0.7177493123
172.0829	0.7177493123
173.0951	0.7177493123
174.0987	0.7177493123
175.1103	0.7177493123
177.0897	0.7177493123
181.0854	0.7177493123
185.0955	0.7177493123
187.0751	0.7177493123
187.1109	0.7177493123
189.0901	0.7177493123
197.0953	0.7177493123
199.1106	0.7177493123
201.0908	0.7177493123
209.0957	0.7177493123
211.1108	0.7177493123
213.1272	0.7177493123
215.1059	0.7177493123
221.0956	0.7177493123
223.1106	0.7177493123
224.1159	0.7177493123
225.1268	0.7177493123
226.1338	0.7177493123
227.1418	0.7177493123
228.146	0.7177493123
235.1109	0.7177493123
237.1265	0.7177493123
238.1306	0.7177493123
239.1056	0.7177493123
239.1423	0.7177493123
240.1455	0.7177493123
241.1586	0.7177493123
242.1611	0.7177493123
247.1102	0.7177493123
249.1268	0.7177493123
250.1314	0.7177493123
251.1429	0.7177493123
252.1467	0.7177493123
253.1212	0.7177493123
253.1586	0.7177493123
254.1609	0.7177493123
255.1375	0.7177493123
261.1267	0.7177493123
262.1333	0.7177493123
263.1427	0.7177493123
264.1474	0.7177493123
265.1585	0.7177493123
266.1615	0.7177493123
267.1371	0.7177493123
267.1742	0.7177493123
269.1534	0.7177493123
275.1428	0.7177493123
276.148	0.7177493123
277.1222	0.7177493123
277.1588	0.7177493123
278.1616	0.7177493123
279.1375	0.7177493123
279.1692	0.7177493123
280.1421	0.7177493123
281.1532	0.7177493123
282.1571	0.7177493123
283.1689	0.7177493123
284.1718	0.7177493123
287.1426	0.7177493123
288.1454	0.7177493123
293.1534	0.7177493123
294.1575	0.7177493123
295.1695	0.7177493123
296.1724	0.7177493123
297.1477	0.7177493123
305.1535	0.7177493123
306.1567	0.7177493123
307.1609	0.7177493123
311.1639	0.7177493123
313.1797	0.7177493123
314.1831	0.7177493123
323.1645	0.7177493123
324.168	0.7177493123
325.1703	0.7177493123
341.175	0.7177493123
342.1781	0.7177493123
343.1819	0.7177493123
363.1939	0.7177493123
381.2064	0.7177493123
399.2172	0.7177493123
400.2201	0.7177493123
401.223	0.7177493123
417.2274	0.7177493123
418.229	0.7177493123
69.0464	0.7177493123
