67	0.658732253
68.8	0.658732253
70	0.658732253
72.1	0.658732253
74.2	0.658732253
77.1	0.658732253
80.6	0.658732253
82.1	0.658732253
83.3	0.658732253
84.2	0.658732253
84.9	0.658732253
85.9	0.658732253
86.8	0.658732253
89.2	0.658732253
93.1	0.658732253
95	0.658732253
96.4	0.658732253
97.2	0.658732253
98	0.658732253
110.2	0.658732253
111.6	0.658732253
112.1	0.658732253
120.3	0.658732253
121.3	0.658732253
125.9	0.658732253
128.9	0.658732253
135.2	0.658732253
136.2	0.658732253
137.3	0.658732253
139.3	0.658732253
142	0.658732253
142.9	0.658732253
143.4	0.658732253
153.4	0.658732253
154	0.658732253
171.2	0.658732253
205	0.658732253
95.0866	0.658732253
