117.0707	0.6760895539
119.0859	0.6760895539
121.065	0.6760895539
121.1013	0.6760895539
122.0684	0.6760895539
122.1055	0.6760895539
123.0809	0.6760895539
123.1168	0.6760895539
128.0609	0.6760895539
129.0703	0.6760895539
130.0764	0.6760895539
131.086	0.6760895539
132.0553	0.6760895539
133.0655	0.6760895539
133.1017	0.6760895539
135.0445	0.6760895539
135.0806	0.6760895539
135.1172	0.6760895539
136.0841	0.6760895539
137.0602	0.6760895539
137.0958	0.6760895539
142.0769	0.6760895539
143.0855	0.6760895539
145.0653	0.6760895539
145.1014	0.6760895539
146.0706	0.6760895539
146.1044	0.6760895539
147.0809	0.6760895539
147.1168	0.6760895539
148.0845	0.6760895539
149.0965	0.6760895539
150.0998	0.6760895539
151.111	0.6760895539
157.0998	0.6760895539
158.0734	0.6760895539
159.0805	0.6760895539
159.1163	0.6760895539
160.0855	0.6760895539
161.059	0.6760895539
161.0968	0.6760895539
161.132	0.6760895539
163.0756	0.6760895539
163.1119	0.6760895539
164.1161	0.6760895539
169.1009	0.6760895539
171.0804	0.6760895539
171.1175	0.6760895539
172.0871	0.6760895539
172.1209	0.6760895539
173.0965	0.6760895539
174.1002	0.6760895539
175.0749	0.6760895539
175.1124	0.6760895539
176.1181	0.6760895539
177.1286	0.6760895539
183.082	0.6760895539
185.0965	0.6760895539
186.0994	0.6760895539
187.1125	0.6760895539
188.1161	0.6760895539
189.0898	0.6760895539
189.1276	0.6760895539
190.1315	0.6760895539
195.0817	0.6760895539
195.1176	0.6760895539
197.0975	0.6760895539
198.1011	0.6760895539
199.1132	0.6760895539
200.1155	0.6760895539
201.0932	0.6760895539
201.1283	0.6760895539
202.1314	0.6760895539
203.1088	0.6760895539
207.1172	0.6760895539
209.0981	0.6760895539
210.1027	0.6760895539
211.1127	0.6760895539
212.117	0.6760895539
213.1282	0.6760895539
214.133	0.6760895539
215.107	0.6760895539
215.1446	0.6760895539
216.1114	0.6760895539
221.1336	0.6760895539
223.1122	0.6760895539
224.1188	0.6760895539
225.1287	0.6760895539
227.1076	0.6760895539
227.1425	0.6760895539
228.1486	0.6760895539
229.1246	0.6760895539
237.1285	0.6760895539
237.1629	0.6760895539
238.1351	0.6760895539
239.1438	0.6760895539
240.1481	0.6760895539
241.1219	0.6760895539
241.1592	0.6760895539
246.1403	0.6760895539
249.1291	0.6760895539
250.1349	0.6760895539
251.1445	0.6760895539
251.1815	0.6760895539
252.1473	0.6760895539
253.1599	0.6760895539
254.1649	0.6760895539
255.1414	0.6760895539
255.1748	0.6760895539
256.178	0.6760895539
261.1662	0.6760895539
264.1523	0.6760895539
265.1572	0.6760895539
269.1547	0.6760895539
269.1913	0.6760895539
279.176	0.6760895539
280.179	0.6760895539
281.1829	0.6760895539
283.1761	0.6760895539
297.1863	0.6760895539
298.1898	0.6760895539
282.0669	0.6760895539
