135.064	0.8047367066
136.0747	0.8047367066
137.077	0.8047367066
146.07	0.8047367066
147.0778	0.8047367066
148.0857	0.8047367066
150.0535	0.8047367066
152.0695	0.8047367066
156.0104	0.8047367066
160.0856	0.8047367066
160.9983	0.8047367066
162.0652	0.8047367066
174.0195	0.8047367066
188.0807	0.8047367066
190.0959	0.8047367066
191.1001	0.8047367066
194.037	0.8047367066
195.0401	0.8047367066
198.0209	0.8047367066
199.0241	0.8047367066
200.0165	0.8047367066
202.0976	0.8047367066
214.0956	0.8047367066
218.0365	0.8047367066
230.0932	0.8047367066
232.1067	0.8047367066
236.0472	0.8047367066
237.0515	0.8047367066
254.0593	0.8047367066
278.0611	0.8047367066
296.0696	0.8047367066
297.0714	0.8047367066
298.066	0.8047367066
165.0651	0.8047367066
