121.0643	0.7141681268
121.1001	0.7141681268
123.0801	0.7141681268
127.0746	0.7141681268
131.0841	0.7141681268
133.0643	0.7141681268
133.1001	0.7141681268
135.0789	0.7141681268
135.116	0.7141681268
137.095	0.7141681268
143.0844	0.7141681268
145.0999	0.7141681268
147.0791	0.7141681268
147.1157	0.7141681268
149.0953	0.7141681268
151.1101	0.7141681268
155.0841	0.7141681268
157.1001	0.7141681268
159.079	0.7141681268
159.1157	0.7141681268
160.1197	0.7141681268
161.095	0.7141681268
161.1308	0.7141681268
163.1109	0.7141681268
164.1149	0.7141681268
169.1001	0.7141681268
171.0792	0.7141681268
171.116	0.7141681268
172.1188	0.7141681268
173.095	0.7141681268
173.1312	0.7141681268
174.0988	0.7141681268
175.1109	0.7141681268
175.1467	0.7141681268
176.1142	0.7141681268
177.1264	0.7141681268
178.1294	0.7141681268
181.1003	0.7141681268
183.1159	0.7141681268
185.0951	0.7141681268
185.1313	0.7141681268
187.1107	0.7141681268
187.1473	0.7141681268
189.1267	0.7141681268
191.142	0.7141681268
195.1159	0.7141681268
197.1317	0.7141681268
198.1353	0.7141681268
199.1113	0.7141681268
199.1475	0.7141681268
200.114	0.7141681268
201.1265	0.7141681268
203.1419	0.7141681268
207.1158	0.7141681268
209.1314	0.7141681268
211.1109	0.7141681268
211.1475	0.7141681268
212.1519	0.7141681268
213.126	0.7141681268
213.163	0.7141681268
215.1418	0.7141681268
215.1789	0.7141681268
217.158	0.7141681268
221.132	0.7141681268
222.1365	0.7141681268
225.1268	0.7141681268
225.1635	0.7141681268
226.1318	0.7141681268
226.1665	0.7141681268
227.1417	0.7141681268
229.1581	0.7141681268
230.1613	0.7141681268
231.173	0.7141681268
235.1476	0.7141681268
237.163	0.7141681268
238.1665	0.7141681268
239.1426	0.7141681268
240.1473	0.7141681268
243.1734	0.7141681268
249.1636	0.7141681268
251.1784	0.7141681268
252.1842	0.7141681268
253.1581	0.7141681268
253.195	0.7141681268
254.198	0.7141681268
255.174	0.7141681268
256.1774	0.7141681268
267.1738	0.7141681268
267.2101	0.7141681268
268.1786	0.7141681268
269.1899	0.7141681268
270.1936	0.7141681268
271.2051	0.7141681268
272.2086	0.7141681268
277.1947	0.7141681268
278.198	0.7141681268
295.2058	0.7141681268
296.2088	0.7141681268
297.2128	0.7141681268
313.2166	0.7141681268
314.2197	0.7141681268
315.2225	0.7141681268
28.9	0.7141681268
