122.0667	0.7902868665
138.9934	0.7902868665
139.9968	0.7902868665
140.9907	0.7902868665
161.0953	0.7902868665
163.0745	0.7902868665
178.1212	0.7902868665
189.0909	0.7902868665
207.1009	0.7902868665
208.1031	0.7902868665
276.0781	0.7902868665
277.0832	0.7902868665
278.0757	0.7902868665
279.0775	0.7902868665
316.11	0.7902868665
317.1118	0.7902868665
318.1081	0.7902868665
319.1093	0.7902868665
344.1037	0.7902868665
346.1029	0.7902868665
362.1135	0.7902868665
363.1175	0.7902868665
364.1159	0.7902868665
531.156	0.7902868665
