122.06	0.1297861945
133.1012	0.1297861945
177.0545	0.1297861945
240.1019	0.1297861945
263.1432	0.1297861945
268.097	0.1297861945
269.1003	0.1297861945
281.1537	0.1297861945
286.1077	0.1297861945
287.1109	0.1297861945
288.1131	0.1297861945
291.138	0.1297861945
299.1643	0.1297861945
309.1487	0.1297861945
310.1521	0.1297861945
327.1593	0.1297861945
328.1627	0.1297861945
329.1385	0.1297861945
345.1698	0.1297861945
369.1698	0.1297861945
370.1731	0.1297861945
387.1805	0.1297861945
388.1838	0.1297861945
390.134	0.1297861945
405.191	0.1297861945
429.1911	0.1297861945
431.1857	0.1297861945
447.2014	0.1297861945
448.2048	0.1297861945
449.1962	0.1297861945
450.1995	0.1297861945
491.2066	0.1297861945
492.21	0.1297861945
509.2172	0.1297861945
510.2205	0.1297861945
511.2233	0.1297861945
551.2276	0.1297861945
552.231	0.1297861945
553.2337	0.1297861945
569.2382	0.1297861945
570.2416	0.1297861945
571.2443	0.1297861945
655.2542	0.1297861945
656.2574	0.1297861945
776.3068	0.1297861945
777.3098	0.1297861945
778.3124	0.1297861945
794.3174	0.1297861945
854.3385	0.1297861945
855.342	0.1297861945
856.3449	0.1297861945
186.9811	0.1297861945
