83.0501	0.6946116753
85.0633	0.6946116753
93.0704	0.6946116753
95.0863	0.6946116753
97.065	0.6946116753
101.0604	0.6946116753
105.0711	0.6946116753
107.0867	0.6946116753
109.0613	0.6946116753
109.1012	0.6946116753
111.0806	0.6946116753
119.0856	0.6946116753
121.0652	0.6946116753
121.1077	0.6946116753
123.0803	0.6946116753
125.0595	0.6946116753
131.0858	0.6946116753
133.0647	0.6946116753
133.1018	0.6946116753
135.0815	0.6946116753
137.0957	0.6946116753
139.0764	0.6946116753
143.0832	0.6946116753
145.0605	0.6946116753
145.0991	0.6946116753
147.081	0.6946116753
149.097	0.6946116753
151.0764	0.6946116753
153.0901	0.6946116753
155.0813	0.6946116753
157.097	0.6946116753
159.0818	0.6946116753
161.0963	0.6946116753
163.0774	0.6946116753
165.092	0.6946116753
169.0947	0.6946116753
171.081	0.6946116753
173.0968	0.6946116753
175.1122	0.6946116753
177.098	0.6946116753
179.1065	0.6946116753
181.1027	0.6946116753
183.094	0.6946116753
185.0965	0.6946116753
187.1112	0.6946116753
189.1026	0.6946116753
191.1072	0.6946116753
195.0889	0.6946116753
197.0965	0.6946116753
199.1118	0.6946116753
201.1176	0.6946116753
205.1124	0.6946116753
208.0885	0.6946116753
209.0982	0.6946116753
211.1119	0.6946116753
213.1219	0.6946116753
215.1085	0.6946116753
217.12	0.6946116753
219.1137	0.6946116753
221.098	0.6946116753
223.1119	0.6946116753
224.1204	0.6946116753
225.1265	0.6946116753
226.1344	0.6946116753
227.1417	0.6946116753
229.1204	0.6946116753
231.1036	0.6946116753
233.1047	0.6946116753
234.1039	0.6946116753
235.1136	0.6946116753
237.1272	0.6946116753
239.1429	0.6946116753
241.1572	0.6946116753
245.1162	0.6946116753
247.1136	0.6946116753
248.1202	0.6946116753
249.1296	0.6946116753
251.1413	0.6946116753
253.1432	0.6946116753
255.1392	0.6946116753
259.1249	0.6946116753
260.12	0.6946116753
261.1318	0.6946116753
263.1426	0.6946116753
264.1524	0.6946116753
265.1578	0.6946116753
266.1659	0.6946116753
267.174	0.6946116753
271.1466	0.6946116753
274.1353	0.6946116753
276.1523	0.6946116753
277.1586	0.6946116753
278.1422	0.6946116753
279.1715	0.6946116753
281.1509	0.6946116753
283.1685	0.6946116753
285.1856	0.6946116753
289.1581	0.6946116753
294.1602	0.6946116753
295.1692	0.6946116753
297.1757	0.6946116753
307.1689	0.6946116753
313.1797	0.6946116753
325.1809	0.6946116753
343.191	0.6946116753
121.0278	0.6946116753
