99.0454	0.50420314
105.071	0.50420314
107.0862	0.50420314
109.0652	0.50420314
111.081	0.50420314
113.0598	0.50420314
119.0861	0.50420314
121.1019	0.50420314
123.0812	0.50420314
125.0969	0.50420314
131.0861	0.50420314
133.1018	0.50420314
135.1174	0.50420314
137.0971	0.50420314
139.0764	0.50420314
141.0551	0.50420314
143.0852	0.50420314
145.1015	0.50420314
146.1053	0.50420314
147.081	0.50420314
149.0965	0.50420314
150.0999	0.50420314
151.112	0.50420314
153.0551	0.50420314
157.0878	0.50420314
159.1172	0.50420314
160.1208	0.50420314
161.0962	0.50420314
162.0993	0.50420314
163.1119	0.50420314
164.1154	0.50420314
165.0908	0.50420314
167.1065	0.50420314
169.0863	0.50420314
171.0803	0.50420314
173.0961	0.50420314
174.1004	0.50420314
175.1113	0.50420314
177.1273	0.50420314
178.1305	0.50420314
179.1064	0.50420314
180.11	0.50420314
181.1221	0.50420314
182.1255	0.50420314
183.1163	0.50420314
185.1319	0.50420314
187.1117	0.50420314
188.1154	0.50420314
189.0909	0.50420314
190.0943	0.50420314
191.1429	0.50420314
192.1461	0.50420314
193.1206	0.50420314
195.1014	0.50420314
196.1051	0.50420314
201.1272	0.50420314
202.1306	0.50420314
203.1421	0.50420314
205.122	0.50420314
206.1258	0.50420314
207.1014	0.50420314
208.1048	0.50420314
209.1532	0.50420314
211.1116	0.50420314
219.1377	0.50420314
220.1411	0.50420314
221.1498	0.50420314
223.1327	0.50420314
224.1356	0.50420314
225.1108	0.50420314
229.122	0.50420314
230.1251	0.50420314
235.1336	0.50420314
237.1483	0.50420314
238.1515	0.50420314
247.1326	0.50420314
248.1355	0.50420314
249.138	0.50420314
265.143	0.50420314
266.1466	0.50420314
283.1549	0.50420314
821.878	0.50420314
