69.1	0.5805509817
71.2	0.5805509817
72	0.5805509817
80.9	0.5805509817
81.3	0.5805509817
82.3	0.5805509817
84.9	0.5805509817
88.9	0.5805509817
91.9	0.5805509817
93.5	0.5805509817
96	0.5805509817
96.5	0.5805509817
100.2	0.5805509817
104.8	0.5805509817
107.9	0.5805509817
109.8	0.5805509817
111.9	0.5805509817
114.1	0.5805509817
114.8	0.5805509817
120.2	0.5805509817
122.8	0.5805509817
128.9	0.5805509817
138.2	0.5805509817
146.3	0.5805509817
155.9	0.5805509817
173.3	0.5805509817
187.9	0.5805509817
69.1	0.5805509817
