119.083	0.1094848447
121.063	0.1094848447
121.1	0.1094848447
123.079	0.1094848447
124.083	0.1094848447
125.096	0.1094848447
131.083	0.1094848447
133.099	0.1094848447
135.08	0.1094848447
135.113	0.1094848447
137.094	0.1094848447
138.097	0.1094848447
139.074	0.1094848447
141.089	0.1094848447
143.082	0.1094848447
145.099	0.1094848447
146.104	0.1094848447
147.115	0.1094848447
148.118	0.1094848447
149.058	0.1094848447
149.095	0.1094848447
149.129	0.1094848447
151.074	0.1094848447
152.077	0.1094848447
153.089	0.1094848447
154.097	0.1094848447
155.104	0.1094848447
156.107	0.1094848447
157.098	0.1094848447
159.114	0.1094848447
160.117	0.1094848447
161.094	0.1094848447
162.1	0.1094848447
163.11	0.1094848447
164.113	0.1094848447
165.124	0.1094848447
166.128	0.1094848447
167.068	0.1094848447
169.087	0.1094848447
171.113	0.1094848447
173.097	0.1094848447
174.101	0.1094848447
175.111	0.1094848447
176.115	0.1094848447
177.123	0.1094848447
178.129	0.1094848447
179.104	0.1094848447
180.108	0.1094848447
181.118	0.1094848447
183.132	0.1094848447
185.127	0.1094848447
187.121	0.1094848447
187.142	0.1094848447
189.091	0.1094848447
189.123	0.1094848447
191.104	0.1094848447
192.107	0.1094848447
193.12	0.1094848447
194.125	0.1094848447
195.129	0.1094848447
197.128	0.1094848447
198.138	0.1094848447
199.143	0.1094848447
200.152	0.1094848447
201.125	0.1094848447
202.127	0.1094848447
203.138	0.1094848447
205.122	0.1094848447
207.101	0.1094848447
209.115	0.1094848447
210.118	0.1094848447
211.126	0.1094848447
212.138	0.1094848447
213.126	0.1094848447
214.126	0.1094848447
215.14	0.1094848447
216.147	0.1094848447
217.132	0.1094848447
218.158	0.1094848447
219.135	0.1094848447
220.137	0.1094848447
221.135	0.1094848447
222.145	0.1094848447
223.138	0.1094848447
224.144	0.1094848447
225.158	0.1094848447
226.146	0.1094848447
227.136	0.1094848447
228.139	0.1094848447
229.126	0.1094848447
231.135	0.1094848447
232.139	0.1094848447
233.148	0.1094848447
235.132	0.1094848447
236.137	0.1094848447
237.141	0.1094848447
238.148	0.1094848447
239.14	0.1094848447
240.143	0.1094848447
241.156	0.1094848447
241.183	0.1094848447
242.148	0.1094848447
242.195	0.1094848447
243.169	0.1094848447
244.172	0.1094848447
245.151	0.1094848447
246.146	0.1094848447
247.135	0.1094848447
249.145	0.1094848447
250.143	0.1094848447
251.175	0.1094848447
252.178	0.1094848447
253.154	0.1094848447
254.157	0.1094848447
255.155	0.1094848447
256.163	0.1094848447
257.15	0.1094848447
258.152	0.1094848447
259.167	0.1094848447
260.168	0.1094848447
261.171	0.1094848447
262.176	0.1094848447
263.164	0.1094848447
264.146	0.1094848447
265.143	0.1094848447
267.17	0.1094848447
269.186	0.1094848447
270.19	0.1094848447
271.166	0.1094848447
272.169	0.1094848447
273.178	0.1094848447
274.181	0.1094848447
275.164	0.1094848447
277.176	0.1094848447
278.177	0.1094848447
279.17	0.1094848447
280.172	0.1094848447
281.171	0.1094848447
282.17	0.1094848447
285.181	0.1094848447
286.183	0.1094848447
287.197	0.1094848447
288.201	0.1094848447
289.175	0.1094848447
290.179	0.1094848447
291.183	0.1094848447
297.047	0.1094848447
297.18	0.1094848447
297.304	0.1094848447
298.053	0.1094848447
298.184	0.1094848447
299.062	0.1094848447
299.187	0.1094848447
300.067	0.1094848447
303.19	0.1094848447
305.202	0.1094848447
311.182	0.1094848447
313.175	0.1094848447
315.191	0.1094848447
316.195	0.1094848447
317.198	0.1094848447
329.213	0.1094848447
331.188	0.1094848447
333.202	0.1094848447
334.205	0.1094848447
335.207	0.1094848447
347.215	0.1094848447
349.196	0.1094848447
354.1	0.1094848447
357.201	0.1094848447
358.207	0.1094848447
365.228	0.1094848447
375.212	0.1094848447
376.213	0.1094848447
377.217	0.1094848447
379.133	0.1094848447
380.12	0.1094848447
381.124	0.1094848447
382.135	0.1094848447
384.146	0.1094848447
393.221	0.1094848447
394.223	0.1094848447
397.145	0.1094848447
398.15	0.1094848447
398.693	0.1094848447
398.824	0.1094848447
399.161	0.1094848447
399.652	0.1094848447
399.77	0.1094848447
399.861	0.1094848447
400.164	0.1094848447
401.166	0.1094848447
402.166	0.1094848447
406.126	0.1094848447
407.229	0.1094848447
408.233	0.1094848447
415.153	0.1094848447
416.157	0.1094848447
419.118	0.1094848447
421.133	0.1094848447
423.158	0.1094848447
425.143	0.1094848447
429.174	0.1094848447
437.14	0.1094848447
438.144	0.1094848447
451.303	0.1094848447
452.305	0.1094848447
453.31	0.1094848447
474.146	0.1094848447
519.218	0.1094848447
520.218	0.1094848447
521.234	0.1094848447
522.232	0.1094848447
523.172	0.1094848447
541.188	0.1094848447
549.231	0.1094848447
607.273	0.1094848447
658.258	0.1094848447
667.289	0.1094848447
668.289	0.1094848447
676.267	0.1094848447
711.325	0.1094848447
729.341	0.1094848447
730.341	0.1094848447
731.353	0.1094848447
732.358	0.1094848447
763.374	0.1094848447
771.352	0.1094848447
772.349	0.1094848447
773.364	0.1094848447
774.374	0.1094848447
787.569	0.1094848447
789.359	0.1094848447
790.364	0.1094848447
790.775	0.1094848447
791.375	0.1094848447
791.898	0.1094848447
792.102	0.1094848447
792.379	0.1094848447
792.729	0.1094848447
793.381	0.1094848447
793.572	0.1094848447
793.981	0.1094848447
794.388	0.1094848447
805.392	0.1094848447
821.387	0.1094848447
822.394	0.1094848447
823.403	0.1094848447
824.405	0.1094848447
825.39	0.1094848447
95.0611	0.1094848447
