131.0833	0.5459072136
135.0782	0.5459072136
137.0591	0.5459072136
141.0541	0.5459072136
143.0844	0.5459072136
147.0792	0.5459072136
148.0841	0.5459072136
151.0739	0.5459072136
153.0894	0.5459072136
155.0677	0.5459072136
159.079	0.5459072136
161.0605	0.5459072136
161.0948	0.5459072136
163.0741	0.5459072136
171.0786	0.5459072136
171.1162	0.5459072136
172.0824	0.5459072136
173.081	0.5459072136
173.0942	0.5459072136
179.0684	0.5459072136
183.0789	0.5459072136
185.0946	0.5459072136
186.1007	0.5459072136
187.0739	0.5459072136
187.1122	0.5459072136
189.0902	0.5459072136
197.0963	0.5459072136
197.1311	0.5459072136
199.1108	0.5459072136
201.0894	0.5459072136
203.1036	0.5459072136
209.0941	0.5459072136
210.0992	0.5459072136
211.1102	0.5459072136
213.0912	0.5459072136
213.1258	0.5459072136
214.1304	0.5459072136
215.1435	0.5459072136
221.0917	0.5459072136
221.132	0.5459072136
223.1113	0.5459072136
224.1176	0.5459072136
225.1258	0.5459072136
226.1306	0.5459072136
227.1086	0.5459072136
227.1411	0.5459072136
235.1105	0.5459072136
236.1134	0.5459072136
237.127	0.5459072136
238.1299	0.5459072136
239.1036	0.5459072136
239.141	0.5459072136
240.1472	0.5459072136
241.1213	0.5459072136
242.1284	0.5459072136
243.1382	0.5459072136
247.1081	0.5459072136
249.1265	0.5459072136
250.1299	0.5459072136
251.1057	0.5459072136
251.1412	0.5459072136
252.1462	0.5459072136
253.122	0.5459072136
253.1575	0.5459072136
255.1363	0.5459072136
260.1157	0.5459072136
261.1247	0.5459072136
262.1328	0.5459072136
263.142	0.5459072136
264.1467	0.5459072136
265.1203	0.5459072136
265.1591	0.5459072136
267.1386	0.5459072136
269.1553	0.5459072136
273.1273	0.5459072136
275.1428	0.5459072136
276.1435	0.5459072136
277.1227	0.5459072136
277.1492	0.5459072136
278.1269	0.5459072136
279.1344	0.5459072136
280.1429	0.5459072136
281.152	0.5459072136
282.1566	0.5459072136
283.1315	0.5459072136
283.1649	0.5459072136
291.1364	0.5459072136
292.1389	0.5459072136
293.1522	0.5459072136
294.1551	0.5459072136
295.1337	0.5459072136
296.1395	0.5459072136
297.1482	0.5459072136
298.1499	0.5459072136
303.1374	0.5459072136
304.1379	0.5459072136
309.1478	0.5459072136
310.1525	0.5459072136
311.1626	0.5459072136
312.167	0.5459072136
321.1478	0.5459072136
322.1515	0.5459072136
327.1577	0.5459072136
329.1735	0.5459072136
339.1583	0.5459072136
340.1632	0.5459072136
357.1681	0.5459072136
358.172	0.5459072136
359.1735	0.5459072136
375.1779	0.5459072136
376.1853	0.5459072136
395.1856	0.5459072136
81.0453	0.5459072136
