119.0846	0.69508852
121.1004	0.69508852
123.0797	0.69508852
129.0689	0.69508852
131.0846	0.69508852
133.0642	0.69508852
133.0999	0.69508852
135.0795	0.69508852
135.1154	0.69508852
141.069	0.69508852
143.0845	0.69508852
145.1	0.69508852
146.1038	0.69508852
147.0794	0.69508852
147.1156	0.69508852
149.0948	0.69508852
155.0846	0.69508852
157.0999	0.69508852
159.0791	0.69508852
159.1155	0.69508852
161.0945	0.69508852
161.1314	0.69508852
163.1103	0.69508852
167.0841	0.69508852
169.0997	0.69508852
171.1156	0.69508852
172.1194	0.69508852
173.0948	0.69508852
173.1312	0.69508852
174.1351	0.69508852
175.1109	0.69508852
181.0998	0.69508852
183.1156	0.69508852
185.0949	0.69508852
185.1314	0.69508852
187.1104	0.69508852
189.1261	0.69508852
193.0998	0.69508852
195.1155	0.69508852
197.1311	0.69508852
199.1105	0.69508852
199.1473	0.69508852
201.1266	0.69508852
203.1421	0.69508852
207.1157	0.69508852
209.1307	0.69508852
211.1107	0.69508852
211.1471	0.69508852
213.1265	0.69508852
213.1631	0.69508852
214.1659	0.69508852
221.1317	0.69508852
222.1365	0.69508852
223.1475	0.69508852
224.1517	0.69508852
225.1271	0.69508852
227.1419	0.69508852
229.1576	0.69508852
231.1737	0.69508852
232.1767	0.69508852
235.1472	0.69508852
237.1624	0.69508852
239.1423	0.69508852
239.1781	0.69508852
241.1575	0.69508852
253.1573	0.69508852
253.194	0.69508852
257.1896	0.69508852
263.1787	0.69508852
264.1828	0.69508852
281.1897	0.69508852
282.1927	0.69508852
299.2005	0.69508852
300.2035	0.69508852
301.2063	0.69508852
83.0852	0.69508852
