50	0.7786697772
57.1	0.7786697772
68.6	0.7786697772
69.2	0.7786697772
73	0.7786697772
73.9	0.7786697772
78.7	0.7786697772
81.3	0.7786697772
83.2	0.7786697772
85.3	0.7786697772
88.9	0.7786697772
89.2	0.7786697772
93.3	0.7786697772
95.1	0.7786697772
99.2	0.7786697772
101.7	0.7786697772
106.9	0.7786697772
109.1	0.7786697772
111.7	0.7786697772
112.1	0.7786697772
113.2	0.7786697772
121.2	0.7786697772
122.3	0.7786697772
129.9	0.7786697772
133.1	0.7786697772
135.2	0.7786697772
137.1	0.7786697772
139.2	0.7786697772
147.8	0.7786697772
149.3	0.7786697772
151.2	0.7786697772
152.3	0.7786697772
162.9	0.7786697772
167	0.7786697772
177.1	0.7786697772
195.2	0.7786697772
212.1	0.7786697772
72.0802	0.7786697772
