59.1	0.5749661468
60.4	0.5749661468
69.1	0.5749661468
69.5	0.5749661468
73.1	0.5749661468
80.9	0.5749661468
83	0.5749661468
84.2	0.5749661468
86.3	0.5749661468
87	0.5749661468
89.2	0.5749661468
94	0.5749661468
95.9	0.5749661468
96.9	0.5749661468
97.1	0.5749661468
98.9	0.5749661468
100.2	0.5749661468
102.2	0.5749661468
105.2	0.5749661468
107.3	0.5749661468
109.3	0.5749661468
110.1	0.5749661468
111.2	0.5749661468
112.1	0.5749661468
114	0.5749661468
116.3	0.5749661468
117.3	0.5749661468
119.8	0.5749661468
122.1	0.5749661468
123.2	0.5749661468
124.3	0.5749661468
125.1	0.5749661468
126.2	0.5749661468
127.3	0.5749661468
133.1	0.5749661468
135.4	0.5749661468
137.1	0.5749661468
138.2	0.5749661468
139.3	0.5749661468
141.1	0.5749661468
142.2	0.5749661468
146.9	0.5749661468
148.5	0.5749661468
150.2	0.5749661468
151.3	0.5749661468
152.3	0.5749661468
153.5	0.5749661468
157	0.5749661468
161.3	0.5749661468
163.4	0.5749661468
164.3	0.5749661468
165.2	0.5749661468
166.3	0.5749661468
168.1	0.5749661468
174.1	0.5749661468
175.1	0.5749661468
176.1	0.5749661468
177.5	0.5749661468
178.2	0.5749661468
181.2	0.5749661468
182.5	0.5749661468
192.4	0.5749661468
193.5	0.5749661468
208	0.5749661468
208.9	0.5749661468
210.2	0.5749661468
225	0.5749661468
202.0286	0.5749661468
