182.0959	0.5260919892
208.1068	0.5260919892
210.1188	0.5260919892
211.1241	0.5260919892
220.1127	0.5260919892
221.1067	0.5260919892
222.1121	0.5260919892
222.1272	0.5260919892
223.1258	0.5260919892
234.1226	0.5260919892
235.1197	0.5260919892
236.1263	0.5260919892
249.1387	0.5260919892
251.1534	0.5260919892
267.1452	0.5260919892
268.1623	0.5260919892
421.0617	0.5260919892
437.0728	0.5260919892
452.0943	0.5260919892
452.1633	0.5260919892
452.2036	0.5260919892
452.2352	0.5260919892
452.2791	0.5260919892
452.3546	0.5260919892
452.3973	0.5260919892
452.5266	0.5260919892
452.5704	0.5260919892
452.693	0.5260919892
452.7682	0.5260919892
452.8147	0.5260919892
452.8564	0.5260919892
452.8931	0.5260919892
452.9738	0.5260919892
453.1047	0.5260919892
453.2534	0.5260919892
453.4517	0.5260919892
453.6085	0.5260919892
484.1213	0.5260919892
121.0637	0.5260919892
