157.1004	0.1843216031
278.0726	0.1843216031
279.0764	0.1843216031
280.0701	0.1843216031
292.0883	0.1843216031
293.0922	0.1843216031
294.0862	0.1843216031
380.122	0.1843216031
422.1674	0.1843216031
423.1705	0.1843216031
424.1653	0.1843216031
425.168	0.1843216031
440.1779	0.1843216031
441.1809	0.1843216031
442.1755	0.1843216031
443.1778	0.1843216031
456.1542	0.1843216031
458.1531	0.1843216031
524.2159	0.1843216031
525.2204	0.1843216031
526.2145	0.1843216031
568.2076	0.1843216031
569.2109	0.1843216031
570.2059	0.1843216031
571.2081	0.1843216031
572.2051	0.1843216031
586.2183	0.1843216031
587.2215	0.1843216031
588.2167	0.1843216031
121.0638	0.1843216031
