177.088	0.6056838132
179.105	0.6056838132
191.1	0.6056838132
192.1	0.6056838132
194.116	0.6056838132
206.115	0.6056838132
220.132	0.6056838132
244.132	0.6056838132
246.146	0.6056838132
247.149	0.6056838132
257.149	0.6056838132
272.161	0.6056838132
273.165	0.6056838132
274.176	0.6056838132
275.181	0.6056838132
286.179	0.6056838132
288.192	0.6056838132
300.191	0.6056838132
464.275	0.6056838132
465.279	0.6056838132
479.287	0.6056838132
480.292	0.6056838132
480.767	0.6056838132
480.95	0.6056838132
481.301	0.6056838132
481.596	0.6056838132
481.835	0.6056838132
481.979	0.6056838132
482.304	0.6056838132
483.308	0.6056838132
84.081	0.6056838132
