44.8	0.6875458801
50.1	0.6875458801
55	0.6875458801
57.3	0.6875458801
59	0.6875458801
68	0.6875458801
69.3	0.6875458801
71	0.6875458801
71.4	0.6875458801
73	0.6875458801
81	0.6875458801
83	0.6875458801
84.9	0.6875458801
89.1	0.6875458801
93.3	0.6875458801
94	0.6875458801
95	0.6875458801
97.1	0.6875458801
100.1	0.6875458801
100.9	0.6875458801
107.1	0.6875458801
109.1	0.6875458801
112.1	0.6875458801
113.4	0.6875458801
119.1	0.6875458801
121	0.6875458801
122.1	0.6875458801
124.8	0.6875458801
129.9	0.6875458801
132.9	0.6875458801
134.9	0.6875458801
137.4	0.6875458801
139.1	0.6875458801
147.8	0.6875458801
149.1	0.6875458801
152.8	0.6875458801
155.9	0.6875458801
163	0.6875458801
167.2	0.6875458801
177.2	0.6875458801
195.3	0.6875458801
212.1	0.6875458801
142.1231	0.6875458801
