83	0.4854930576
87.2	0.4854930576
90.8	0.4854930576
94.9	0.4854930576
97.1	0.4854930576
99.2	0.4854930576
105	0.4854930576
109.3	0.4854930576
116.9	0.4854930576
119	0.4854930576
120.8	0.4854930576
123	0.4854930576
126.1	0.4854930576
131.2	0.4854930576
132.7	0.4854930576
142.1	0.4854930576
148.1	0.4854930576
151.1	0.4854930576
152	0.4854930576
152.9	0.4854930576
163.1	0.4854930576
163.9	0.4854930576
167.1	0.4854930576
167.9	0.4854930576
168.4	0.4854930576
170.1	0.4854930576
175.1	0.4854930576
183.2	0.4854930576
195.2	0.4854930576
196.3	0.4854930576
198.5	0.4854930576
203.6	0.4854930576
206.3	0.4854930576
206.9	0.4854930576
220.1	0.4854930576
221.2	0.4854930576
238.1	0.4854930576
239.5	0.4854930576
246.6	0.4854930576
247.5	0.4854930576
256.4	0.4854930576
337.7	0.4854930576
158.1187	0.4854930576
