123.0802	0.5897471434
133.0645	0.5897471434
135.0799	0.5897471434
137.0583	0.5897471434
145.0641	0.5897471434
147.079	0.5897471434
148.0816	0.5897471434
151.074	0.5897471434
153.0898	0.5897471434
155.0688	0.5897471434
157.0479	0.5897471434
159.0779	0.5897471434
161.0586	0.5897471434
161.0949	0.5897471434
163.073	0.5897471434
167.07	0.5897471434
169.0617	0.5897471434
170.9843	0.5897471434
171.0786	0.5897471434
172.0837	0.5897471434
173.0949	0.5897471434
174.0992	0.5897471434
177.0918	0.5897471434
179.0691	0.5897471434
181.0853	0.5897471434
183.0792	0.5897471434
185.0581	0.5897471434
185.0952	0.5897471434
187.0737	0.5897471434
187.1112	0.5897471434
188.0779	0.5897471434
189.0897	0.5897471434
193.0844	0.5897471434
195.1018	0.5897471434
197.0787	0.5897471434
197.0952	0.5897471434
197.1322	0.5897471434
199.0738	0.5897471434
199.1103	0.5897471434
201.0917	0.5897471434
203.1052	0.5897471434
205.0643	0.5897471434
207.1182	0.5897471434
209.0968	0.5897471434
211.0161	0.5897471434
211.1125	0.5897471434
212.018	0.5897471434
212.1152	0.5897471434
213.0917	0.5897471434
213.1262	0.5897471434
214.1302	0.5897471434
215.107	0.5897471434
215.1392	0.5897471434
221.0816	0.5897471434
221.0953	0.5897471434
223.1107	0.5897471434
224.1145	0.5897471434
225.0289	0.5897471434
225.1266	0.5897471434
226.1313	0.5897471434
227.1075	0.5897471434
227.1433	0.5897471434
235.111	0.5897471434
236.1151	0.5897471434
237.1263	0.5897471434
238.1297	0.5897471434
239.0931	0.5897471434
239.1052	0.5897471434
239.142	0.5897471434
240.1501	0.5897471434
241.1221	0.5897471434
242.1249	0.5897471434
243.1375	0.5897471434
249.1276	0.5897471434
250.1326	0.5897471434
251.1057	0.5897471434
251.1422	0.5897471434
252.1481	0.5897471434
253.1215	0.5897471434
253.1584	0.5897471434
254.1254	0.5897471434
254.161	0.5897471434
255.1362	0.5897471434
259.1132	0.5897471434
261.1268	0.5897471434
262.1357	0.5897471434
263.1428	0.5897471434
264.1455	0.5897471434
265.1201	0.5897471434
265.158	0.5897471434
266.1619	0.5897471434
267.1368	0.5897471434
268.14	0.5897471434
269.1179	0.5897471434
269.1526	0.5897471434
275.1423	0.5897471434
276.1454	0.5897471434
277.1224	0.5897471434
277.1586	0.5897471434
278.1266	0.5897471434
279.1369	0.5897471434
280.1394	0.5897471434
281.1527	0.5897471434
282.1565	0.5897471434
283.1364	0.5897471434
283.1684	0.5897471434
284.1724	0.5897471434
285.1277	0.5897471434
288.1476	0.5897471434
291.1395	0.5897471434
293.1533	0.5897471434
294.1572	0.5897471434
295.1346	0.5897471434
295.1536	0.5897471434
296.1356	0.5897471434
297.1477	0.5897471434
298.1517	0.5897471434
299.162	0.5897471434
301.154	0.5897471434
301.1693	0.5897471434
303.1377	0.5897471434
304.1406	0.5897471434
305.152	0.5897471434
309.1483	0.5897471434
311.1642	0.5897471434
312.1668	0.5897471434
313.1586	0.5897471434
314.1642	0.5897471434
319.1391	0.5897471434
321.1482	0.5897471434
322.1513	0.5897471434
323.1527	0.5897471434
324.1478	0.5897471434
325.1813	0.5897471434
327.1627	0.5897471434
329.1719	0.5897471434
331.1684	0.5897471434
335.1647	0.5897471434
337.1418	0.5897471434
339.1592	0.5897471434
340.1622	0.5897471434
341.1603	0.5897471434
342.1622	0.5897471434
343.1525	0.5897471434
343.1952	0.5897471434
353.1751	0.5897471434
354.1781	0.5897471434
357.1692	0.5897471434
358.173	0.5897471434
359.1631	0.5897471434
359.2013	0.5897471434
360.1708	0.5897471434
361.179	0.5897471434
363.1585	0.5897471434
364.1646	0.5897471434
369.1294	0.5897471434
371.1857	0.5897471434
377.1758	0.5897471434
377.2135	0.5897471434
378.2143	0.5897471434
381.1695	0.5897471434
382.1717	0.5897471434
383.1693	0.5897471434
384.1779	0.5897471434
387.2002	0.5897471434
395.2183	0.5897471434
399.1799	0.5897471434
400.1833	0.5897471434
401.1798	0.5897471434
402.1807	0.5897471434
405.2058	0.5897471434
406.209	0.5897471434
419.1843	0.5897471434
420.1896	0.5897471434
423.2166	0.5897471434
424.217	0.5897471434
425.2158	0.5897471434
431.1511	0.5897471434
441.2288	0.5897471434
442.2308	0.5897471434
443.2248	0.5897471434
449.1505	0.5897471434
450.1541	0.5897471434
451.1528	0.5897471434
465.2274	0.5897471434
466.2303	0.5897471434
467.2365	0.5897471434
469.164	0.5897471434
483.2377	0.5897471434
484.2394	0.5897471434
485.2428	0.5897471434
487.1227	0.5897471434
488.1313	0.5897471434
503.2449	0.5897471434
504.2471	0.5897471434
754.3135	0.5897471434
