127.074	0.2378725
158.117	0.2378725
159.119	0.2378725
160.122	0.2378725
176.127	0.2378725
233.151	0.2378725
284.182	0.2378725
289.176	0.2378725
307.187	0.2378725
316.209	0.2378725
317.212	0.2378725
325.198	0.2378725
326.201	0.2378725
342.224	0.2378725
343.225	0.2378725
347.219	0.2378725
365.229	0.2378725
366.233	0.2378725
383.239	0.2378725
384.243	0.2378725
401.25	0.2378725
408.271	0.2378725
409.273	0.2378725
444.292	0.2378725
464.296	0.2378725
465.3	0.2378725
482.307	0.2378725
483.31	0.2378725
500.318	0.2378725
501.321	0.2378725
522.338	0.2378725
523.341	0.2378725
524.344	0.2378725
540.349	0.2378725
541.352	0.2378725
542.356	0.2378725
558.36	0.2378725
559.362	0.2378725
560.365	0.2378725
574.354	0.2378725
576.37	0.2378725
576.928	0.2378725
577.374	0.2378725
578.376	0.2378725
579.379	0.2378725
698.441	0.2378725
699.445	0.2378725
716.452	0.2378725
717.456	0.2378725
718.46	0.2378725
734.463	0.2378725
735.466	0.2378725
736.468	0.2378725
105.0335	0.2378725
