145.0269	0.5481228321
151.038	0.5481228321
151.0744	0.5481228321
161.0595	0.5481228321
175.076	0.5481228321
177.0555	0.5481228321
177.0869	0.5481228321
177.1057	0.5481228321
178.0587	0.5481228321
203.0718	0.5481228321
213.0565	0.5481228321
219.0671	0.5481228321
245.0829	0.5481228321
246.0862	0.5481228321
253.0879	0.5481228321
254.0918	0.5481228321
259.0985	0.5481228321
285.1143	0.5481228321
286.1174	0.5481228321
287.1198	0.5481228321
299.1295	0.5481228321
369.134	0.5481228321
370.137	0.5481228321
253.1219	0.5481228321
