121.1012	0.7013194282
123.0809	0.7013194282
133.1008	0.7013194282
135.1167	0.7013194282
137.0964	0.7013194282
145.1013	0.7013194282
147.1176	0.7013194282
159.1174	0.7013194282
161.1334	0.7013194282
163.1127	0.7013194282
171.1171	0.7013194282
173.1333	0.7013194282
175.1127	0.7013194282
175.1489	0.7013194282
177.128	0.7013194282
185.1337	0.7013194282
187.1482	0.7013194282
189.1276	0.7013194282
189.1642	0.7013194282
191.1441	0.7013194282
201.165	0.7013194282
203.1431	0.7013194282
213.1647	0.7013194282
215.1437	0.7013194282
215.18	0.7013194282
219.1753	0.7013194282
223.1491	0.7013194282
227.1802	0.7013194282
229.1602	0.7013194282
233.1925	0.7013194282
239.1802	0.7013194282
241.16	0.7013194282
245.1909	0.7013194282
253.1953	0.7013194282
255.2112	0.7013194282
256.0921	0.7013194282
256.2148	0.7013194282
257.0941	0.7013194282
257.1908	0.7013194282
271.2073	0.7013194282
273.2228	0.7013194282
274.2263	0.7013194282
279.2131	0.7013194282
280.2159	0.7013194282
297.2228	0.7013194282
298.2252	0.7013194282
315.2342	0.7013194282
316.2371	0.7013194282
317.24	0.7013194282
136.0711	0.7013194282
