122.0671	0.527233336
123.0801	0.527233336
125.0596	0.527233336
127.075	0.527233336
131.0846	0.527233336
133.064	0.527233336
135.0434	0.527233336
135.0789	0.527233336
137.0579	0.527233336
137.0749	0.527233336
139.054	0.527233336
139.0747	0.527233336
141.0537	0.527233336
145.0635	0.527233336
147.0798	0.527233336
148.082	0.527233336
149.0577	0.527233336
151.0373	0.527233336
151.0739	0.527233336
152.0773	0.527233336
153.0535	0.527233336
153.068	0.527233336
153.0908	0.527233336
155.0693	0.527233336
156.0738	0.527233336
157.064	0.527233336
159.0635	0.527233336
159.0789	0.527233336
160.0825	0.527233336
161.0591	0.527233336
161.0943	0.527233336
163.056	0.527233336
163.0747	0.527233336
165.07	0.527233336
165.0925	0.527233336
167.0695	0.527233336
167.0855	0.527233336
169.0491	0.527233336
169.0637	0.527233336
171.0789	0.527233336
172.0839	0.527233336
173.0594	0.527233336
173.095	0.527233336
175.0752	0.527233336
177.0536	0.527233336
177.0722	0.527233336
177.0877	0.527233336
179.0526	0.527233336
179.0686	0.527233336
179.0856	0.527233336
179.1054	0.527233336
181.0641	0.527233336
181.0834	0.527233336
181.0967	0.527233336
183.0799	0.527233336
184.0836	0.527233336
185.0593	0.527233336
185.0742	0.527233336
185.0951	0.527233336
186.0642	0.527233336
187.0743	0.527233336
187.1098	0.527233336
188.0774	0.527233336
189.0693	0.527233336
189.0907	0.527233336
191.0699	0.527233336
191.0864	0.527233336
193.0642	0.527233336
193.0837	0.527233336
193.0995	0.527233336
195.08	0.527233336
195.1023	0.527233336
195.1168	0.527233336
196.0853	0.527233336
197.0594	0.527233336
197.081	0.527233336
197.0952	0.527233336
198.0994	0.527233336
199.0739	0.527233336
199.0931	0.527233336
199.1106	0.527233336
201.0904	0.527233336
203.0717	0.527233336
203.0846	0.527233336
205.0647	0.527233336
205.0846	0.527233336
205.1034	0.527233336
206.0678	0.527233336
207.0788	0.527233336
208.0853	0.527233336
209.0784	0.527233336
209.0953	0.527233336
210.1003	0.527233336
211.0739	0.527233336
211.1105	0.527233336
212.1163	0.527233336
213.0733	0.527233336
213.0907	0.527233336
213.1253	0.527233336
214.0925	0.527233336
214.1349	0.527233336
215.086	0.527233336
215.1042	0.527233336
217.0863	0.527233336
217.0986	0.527233336
219.0996	0.527233336
219.1147	0.527233336
221.0949	0.527233336
222.1016	0.527233336
223.0749	0.527233336
223.1108	0.527233336
224.0794	0.527233336
224.114	0.527233336
225.0902	0.527233336
225.1264	0.527233336
226.1305	0.527233336
227.0685	0.527233336
227.0841	0.527233336
227.1071	0.527233336
227.1432	0.527233336
229.0835	0.527233336
229.1027	0.527233336
231.0818	0.527233336
231.118	0.527233336
232.1183	0.527233336
233.0957	0.527233336
233.1288	0.527233336
234.1008	0.527233336
235.1103	0.527233336
236.1159	0.527233336
237.0906	0.527233336
237.1268	0.527233336
238.0963	0.527233336
238.1296	0.527233336
239.106	0.527233336
239.1309	0.527233336
239.1426	0.527233336
240.1098	0.527233336
241.087	0.527233336
241.1215	0.527233336
242.0917	0.527233336
242.1238	0.527233336
243.0802	0.527233336
243.1175	0.527233336
244.1214	0.527233336
245.0959	0.527233336
245.1313	0.527233336
246.1012	0.527233336
246.1356	0.527233336
247.1108	0.527233336
248.1153	0.527233336
249.0909	0.527233336
249.1268	0.527233336
250.0929	0.527233336
250.1313	0.527233336
251.105	0.527233336
251.1416	0.527233336
252.109	0.527233336
252.1467	0.527233336
253.1214	0.527233336
254.1248	0.527233336
255.1162	0.527233336
255.1363	0.527233336
256.1229	0.527233336
256.1389	0.527233336
257.0957	0.527233336
257.1331	0.527233336
258.1018	0.527233336
258.1383	0.527233336
259.1114	0.527233336
260.1162	0.527233336
261.1264	0.527233336
262.0945	0.527233336
262.1304	0.527233336
263.1053	0.527233336
263.1421	0.527233336
264.1107	0.527233336
264.1457	0.527233336
265.1216	0.527233336
266.1243	0.527233336
267.1027	0.527233336
267.1366	0.527233336
268.1429	0.527233336
269.0974	0.527233336
269.1146	0.527233336
269.1293	0.527233336
269.153	0.527233336
270.121	0.527233336
271.1116	0.527233336
271.1491	0.527233336
272.1127	0.527233336
273.1272	0.527233336
274.1299	0.527233336
275.1061	0.527233336
275.1429	0.527233336
276.1128	0.527233336
276.1489	0.527233336
277.1212	0.527233336
277.1575	0.527233336
278.1266	0.527233336
278.1621	0.527233336
279.1366	0.527233336
279.1718	0.527233336
280.1399	0.527233336
281.1336	0.527233336
281.1511	0.527233336
282.1324	0.527233336
282.1557	0.527233336
283.111	0.527233336
283.1476	0.527233336
285.1291	0.527233336
287.1065	0.527233336
287.1427	0.527233336
288.1129	0.527233336
289.1216	0.527233336
289.1571	0.527233336
290.1274	0.527233336
291.1374	0.527233336
291.1745	0.527233336
292.1412	0.527233336
293.1182	0.527233336
294.1235	0.527233336
295.1327	0.527233336
296.1363	0.527233336
296.1719	0.527233336
297.131	0.527233336
297.1463	0.527233336
297.1846	0.527233336
298.1324	0.527233336
298.1507	0.527233336
299.1432	0.527233336
300.1458	0.527233336
301.1227	0.527233336
301.1531	0.527233336
302.1259	0.527233336
303.1189	0.527233336
303.1364	0.527233336
304.1122	0.527233336
305.1243	0.527233336
307.132	0.527233336
307.1688	0.527233336
308.1354	0.527233336
309.1475	0.527233336
310.1506	0.527233336
310.1902	0.527233336
311.1434	0.527233336
312.1469	0.527233336
313.1205	0.527233336
313.1411	0.527233336
314.149	0.527233336
315.138	0.527233336
316.141	0.527233336
317.1371	0.527233336
319.1325	0.527233336
320.1364	0.527233336
321.1287	0.527233336
321.1592	0.527233336
322.1336	0.527233336
323.1367	0.527233336
325.1441	0.527233336
325.1802	0.527233336
326.1508	0.527233336
327.1414	0.527233336
327.1562	0.527233336
327.1972	0.527233336
328.1611	0.527233336
329.155	0.527233336
330.1568	0.527233336
331.1512	0.527233336
332.1553	0.527233336
333.1291	0.527233336
335.1418	0.527233336
337.1431	0.527233336
337.1779	0.527233336
338.1474	0.527233336
338.1805	0.527233336
339.1396	0.527233336
340.1423	0.527233336
341.1379	0.527233336
342.1409	0.527233336
345.1503	0.527233336
346.1529	0.527233336
347.164	0.527233336
348.1703	0.527233336
349.1611	0.527233336
350.1641	0.527233336
351.1729	0.527233336
353.139	0.527233336
355.1541	0.527233336
355.1886	0.527233336
356.1564	0.527233336
356.1914	0.527233336
357.1499	0.527233336
358.1535	0.527233336
359.1467	0.527233336
360.1489	0.527233336
361.1443	0.527233336
365.1557	0.527233336
366.1561	0.527233336
367.175	0.527233336
373.201	0.527233336
374.2042	0.527233336
375.1593	0.527233336
375.1953	0.527233336
376.165	0.527233336
376.1935	0.527233336
377.1556	0.527233336
378.1606	0.527233336
379.1565	0.527233336
381.1507	0.527233336
387.1979	0.527233336
393.2074	0.527233336
394.2113	0.527233336
395.1706	0.527233336
396.1781	0.527233336
397.1882	0.527233336
413.1954	0.527233336
414.199	0.527233336
415.1916	0.527233336
416.1948	0.527233336
417.1977	0.527233336
433.2014	0.527233336
434.2044	0.527233336
435.2036	0.527233336
436.1998	0.527233336
453.2078	0.527233336
454.2119	0.527233336
133.0864	0.527233336
