mz	logo	psa
72.276527	2.0381	78.99000
80.04277
83.558357
87.360497
93.5535
94.03261
101.14295
107.393723
108.358002
110.24353
118.108566
123.142632
126.90435
127.11983
127.65377
131.913498
133.420013
133.56546
133.946671
136.97052
137.026413
137.134155
137.630234
139.939148
141.273163
148.700806
149.90625
149.969391
150.093491
152.0233
161.006393
167.01211
170.984268
172.428391
174.017944
179.831253
194.020645
205.031494
207.540955
214.028442
227.93306
232.039215
234.03511
234.126068
234.244263
251.367798
251.812149
252.045013
253.620056
253.65416
253.677979
253.964325
254.041763
254.11232
254.251266
254.516266
254.561096
254.774002
255.043594
256.546906
256.808594
256.86395
256.903259
258.02435
258.242188
265.975677
271.428009
271.797607
271.921722
274.048279
274.60144
275.047791
277.964172
278.046539
375.958252
387.940704
388.98764
405.964142
406.969574
497.024933
556.10913
556.9887
681.017212
814.765747
