mz  	logp	psa
109.1016	1.2884	94.83
115.0761		
119.086		
121.0655		
123.0809		
125.0604		
131.0861		
133.0655		
135.0809		
137.0966		
145.1013		
147.081		
148.0844		
149.0965		
151.0759		
153.0917		
155.0708		
159.0808		
161.0963		
163.0752		
165.0912		
167.107		
171.0807		
172.0838		
173.0963		
174.0998		
177.0911		
178.0949		
179.1074		
183.0808		
185.0963		
186.0999		
187.0752		
189.0912		
195.1015		
197.0963		
199.1114		
201.1273		
203.1066		
209.0961		
211.1117		
212.1161		
213.1271		
215.1069		
221.0956		
223.1119		
224.1167		
225.1272		
226.131		
227.1428		
235.1117		
236.1161		
237.1274		
238.1307		
239.1429		
240.1463		
241.1223		
242.1259		
249.1277		
251.1429		
253.1225		
254.1255		
255.138		
256.1411		
257.1336		
261.1271		
263.1432		
264.1467		
265.1586		
267.1384		
268.1429		
275.1433		
276.1485		
277.1586		
278.1646		
279.1743		
280.1776		
281.1889		
289.1589		
290.162		
291.1744		
292.1783		
293.1533		
295.1694		
296.1745		
297.1847		
298.1889		
301.1591		
302.1621		
307.1697		
308.1733		
309.1853		
310.1887		
311.1646		
315.1762		
319.1696		
320.1734		
325.1802		
326.1834		
327.1956		
328.1978		
337.1802		
338.1834		
339.1836		
345.1863		
355.1909		
356.194		
357.1942		
373.2015		
374.2052		
375.2006		
393.2069		
