mz	logp	psa
71.027733	-0.62039999	88.79
71.537651
73.040215
78.542358
79.402397
80.05011
80.236748
82.02936
82.065849
82.205826
84.609589
86.132095
88.951668
89.339272
90.426201
92.617485
94.010681
96.374969
98.06105
98.136162
100.053505
100.076767
107.061668
109.077179
110.061188
111.09269
115.974823
117.042122
121.077255
124.0644
126.32509
127.087761
127.980865
129.149963
132.287125
138.188187
139.087799
144.948044
155.09462
157.098145
171.08909
187.020874
200.998276
201.021927
201.0996
211.037918
