mz	logo	psa
83.04840	5.911600000000007	170.06
84.02259
85.02970
97.06584
100.93327
105.823967
107.05236
108.290024
109.02982
110.03871
111.04521
113.02250
115.918167
116.9289
118.618073
121.022827
123.080002
125.06662
131.0837
133.33197
134.035446
135.03952
137.058182
145.102448
146.06980
147.11120
149.06607
149.09796
151.03942
153.052826
159.07972
161.058533
165.98182
169.10456
171.1167
183.117905
185.0571
185.106812
197.097488
199.123413
201.051956
211.115005
214.061264
214.09892
216.120178
217.1223
223.075851
224.08103
225.09297
229.10818
229.361267
230.11222
234.982635
237.14814
237.994904
241.090408
241.15908
242.09564
249.02211
254.12382
254.98434
255.126999
258.87814
260.10345
260.980438
261.1091
263.255615
281.012451
309.185333
317.15875
320.997498
329.208252
330.132904
337.138214
342.988556
345.145752
348.987946
352.009735
354.994385
361.1774
380.995941
381.230774
392.99829
399.2311
400.986755
402.981812
410.96740
412.835083
413.174438
420.028381
421.587952
431.22839
432.159943
432.270142
432.962128
443.21991
454.971802
481.193146
503.263672
517.017151
518.003296
529.327332
537.289612
543.969788
544.97644
548.956604
554.855591
555.323181
556.308716
556.420227
560.965454
562.975159
573.316711
575.268738
577.987427
591.337036
592.32879
600.987671
623.348999
635.513306
653.96405
655.36706
661.89727
667.353271
679.00140
720.014954
735.396667
749.393311
766.98053
767.443237
770.983887
780.98797
785.048157
785.421509
786.410034
787.452026
788.454163
796.950684
798.98217
805.997986
826.95129
836.42791
837.054321
843.050598
843.454956
853.51910
854.523315
859.42462
861.204956
861.481567
862.47753
879.492065
879.57562
880.505493
880.716797
897.50518
898.514465
900.205872
942.963074
