mz	logp	psa
123.076	3.4384	43.37
131.0848		
133.1004		
135.0793		
143.0842		
145.1002		
147.0793		
149.095		
153.0899		
157.1002		
159.0793		
159.1158		
161.095		
165.0901		
169.1002		
171.1156		
173.0951		
175.1105		
177.0903		
183.1156		
185.0946		
185.131		
187.1103		
189.1266		
195.1158		
197.1315		
199.1106		
201.1261		
209.1316		
211.1474		
213.1268		
215.1423		
217.1214		
219.137		
221.1318		
227.1416		
231.1372		
235.1474		
239.1425		
253.1585		
257.1531		
258.1574		
289.1941		
295.1691		
307.205		
321.2207		
331.2055		
349.2164		
350.2194		
367.2273		
368.2305		
369.2331		
