	mz	logp	psa
	121.11	3.7436	34.14
	121.0643		
	121.1001		
	123.0801		
	127.0746		
	131.0841		
	133.0643		
	133.1001		
	135.0789		
	135.116		
	137.095		
	143.0844		
	145.0999		
	147.0791		
	147.1157		
	149.0953		
	151.1101		
	155.0841		
	157.1001		
	159.079		
	159.1157		
	160.1197		
	161.095		
	161.1308		
	163.1109		
	164.1149		
	169.1001		
	171.0792		
	171.116		
	172.1188		
	173.095		
	173.1312		
	174.0988		
	175.1109		
	175.1467		
	176.1142		
	177.1264		
	178.1294		
	181.1003		
	183.1159		
	185.0951		
	185.1313		
	187.1107		
	187.1473		
	189.1267		
	191.142		
	195.1159		
	197.1317		
	198.1353		
	199.1113		
	199.1475		
	200.114		
	201.1265		
	203.1419		
	207.1158		
	209.1314		
	211.1109		
	211.1475		
	212.1519		
	213.126		
	213.163		
	215.1418		
	215.1789		
	217.158		
	221.132		
	222.1365		
	225.1268		
	225.1635		
	226.1318		
	226.1665		
	227.1417		
	229.1581		
	230.1613		
	231.173		
	235.1476		
	237.163		
	238.1665		
	239.1426		
	240.1473		
	243.1734		
	249.1636		
	251.1784		
	252.1842		
	253.1581		
	253.195		
	254.198		
	255.174		
	256.1774		
	267.1738		
	267.2101		
	268.1786		
	269.1899		
	270.1936		
	271.2051		
	272.2086		
	277.1947		
	278.198		
	295.2058		
	296.2088		
	297.2128		
	313.2166		
	314.2197		
	315.2225		
