mz	logo	psa
70.47287	5.52120000000	178.93
73.08701
75.760612
79.055069
80.35824
80.78769
81.034363
83.013634
83.05011
84.021606
84.045303
85.029388
85.03083
91.02807
93.0346
93.1874
94.56627
94.62168
95.0502
97.0296
97.065
104.26
104.7205
104.9129
105.5634
107.0503
108.0458
109.0297
110.0376
110.0614
111.0455
111.4916
111.764
112.9618
116.05099
116.879
121.02989
123.04547
124.07719
125.0609
126.056526
134.0615
135.0456
136.291138
137.061
139.3113
141.9873
143.0504
148.077
149.03184
152.0721
156.0184
157.06614
161.06083
171.0816
172.4858
173.06088
176.072
179.0717
179.0871
179.6539
183.0825
184.0982
194.0826
195.63908
197.0973
199.1134
200.53553
201.0753
212.9917
213.3164
223.0764
223.3065
225.092
225.33177
227.0719
240.7427
242.09571
258.1478
258.4806
258.5614
270.135
282.749
287.5572
296.1515
312.0162
337.144
401.914
409.374
410.83383
454.1684
455.2814
456.001
488.2668
541.5613
547.3059
565.3177
647.05285
689.1694
756.464
888.7294
894.4998
916.6701
