mz	logo	psa
71.453072	3.779280000000001	84.7
71.554443
76.00654
77.0142
78.12657
82.61723
85.96514
87.4349
88.00653
101.7507
102.9489
103.03152
108.71342
113.0148
122.51379
126.02127
143.0054
144.9915
146.9389
148.79913
148.9912
150.0038
155.318848
162.156479
163.00891
163.0119
169.562
170.01
176.1048
180.998
182.01
182.0135
183.017
183.4325
186.9299
190.92869
198.9882
206.6284
208.9589
210.7829
212.9497
214.99
216.9792
217.9869
218.0099
218.9948
219.781
221.30543
223.983
226.989
229.9525
233.9813
234.947
235.9559
238.0436
239.7775
242.9849
243.9895
245.9816
246.551
246.98945
249.29554
249.9586
250.6206
253.98677
255.9901
261.9585
261.9665
262.9526
265.1361
267.9896
271.9848
275.95
277.953
278.962
281.992
283.0008
287.9623
289.5144
303.9574
313.9647
313.975
317.959
317.969
329.96
330.96792
336.43917
348.9341
358.9987
365.93624
366.94448
371.0846
401.6065
