mz	logp	psa
119.08	3.6076	34.14
117.0707		
119.0859		
121.065		
121.1013		
122.0684		
122.1055		
123.0809		
123.1168		
128.0609		
129.0703		
130.0764		
131.086		
132.0553		
133.0655		
133.1017		
135.0445		
135.0806		
135.1172		
136.0841		
137.0602		
137.0958		
142.0769		
143.0855		
145.0653		
145.1014		
146.0706		
146.1044		
147.0809		
147.1168		
148.0845		
149.0965		
150.0998		
151.111		
157.0998		
158.0734		
159.0805		
159.1163		
160.0855		
161.059		
161.0968		
161.132		
163.0756		
163.1119		
164.1161		
169.1009		
171.0804		
171.1175		
172.0871		
172.1209		
173.0965		
174.1002		
175.0749		
175.1124		
176.1181		
177.1286		
183.082		
185.0965		
186.0994		
187.1125		
188.1161		
189.0898		
189.1276		
190.1315		
195.0817		
195.1176		
197.0975		
198.1011		
199.1132		
200.1155		
201.0932		
201.1283		
202.1314		
203.1088		
207.1172		
209.0981		
210.1027		
211.1127		
212.117		
213.1282		
214.133		
215.107		
215.1446		
216.1114		
221.1336		
223.1122		
224.1188		
225.1287		
227.1076		
227.1425		
228.1486		
229.1246		
237.1285		
237.1629		
238.1351		
239.1438		
240.1481		
241.1219		
241.1592		
246.1403		
249.1291		
250.1349		
251.1445		
251.1815		
252.1473		
253.1599		
254.1649		
255.1414		
255.1748		
256.178		
261.1662		
264.1523		
265.1572		
269.1547		
269.1913		
279.176		
280.179		
281.1829		
283.1761		
297.1863		
298.1898		
