compound	mw	hba	hbd	rotb	arom
2	306.73764	1.5025018	1.5085593	1.4952995	2.506032
3	410.99316	5.504505	0.49241108	0.49527392	3.4988964
4	211.72281	5.490929	2.4975219	2.4990683	1.4887724
5	411.07974	5.494287	1.4834614	1.5037934	2.5004492
6	293.8227	4.502347	1.4929454	1.4983351	3.4942877
7	211.7256	3.5033307	1.492956	1.5014459	2.4967456
8	368.97595	6.497106	2.5000713	2.505309	0.510299
9	262.73312	4.497505	1.49	1.4935184	2.5021682
10	243.7241	7.5041957	4.496429	4.49874	1.5014852
11	265.87225	3.5221667	0.48026937	0.49893942	2.4967856
12	277.90582	3.4993293	1.497492	1.4894587	1.5011313
13	388.22574	2.5002725	0.4962938	0.49768937	3.4953794
14	586.6757	5.5100656	2.507291	2.491334	4.489199
15	394.93344	6.495951	4.504997	4.488213	0.5035762
16	136.6116	3.4944398	2.495126	2.5019243	2.5013
17	293.87256	14.499983	0.5007427	0.49723768	2.497997
19	749.5165	14.515159	5.5077415	5.5007977	0.5055569
20	430.86862	5.5019116	2.4929657	2.499634	2.5025923
21	310.88812	1.4891446	0.49541205	0.5021184	4.4974055
22	310.91312	1.4856893	0.5041545	2.499087	4.485728
23	552.11206	10.494783	2.5017254	0.5005567	4.4999766
24	194.69485	3.5019202	0.51571864	2.4963136	2.506985
25	440.96707	7.4934487	2.4968052	0.496442	5.4878626
26	340.96527	3.487267	0.49436268	3.5031064	0.5021146
27	263.6979	6.506221	3.5057914	0.5004581	1.5049088
28	140.68913	4.5014024	0.4958898	2.483159	0.49825945
29	494.10706	7.4897323	2.4962037	0.49981868	4.495936
30	308.88452	2.485781	0.49759436	0.49474874	2.495426
31	356.94492	5.500149	1.4985882	1.5	2.4976594
32	454.95395	12.507844	5.501644	5.494288	3.5028422
33	501.1054	4.493322	2.5108337	2.4920743	6.500757
34	916.6131	18.502726	5.5036902	5.5020614	0.49374327
35	489.1117	7.5030375	1.5071025	1.5010898	3.5184622
36	308.8288	4.4972258	1.5012459	1.5005238	3.493827
37	308.82718	4.5079536	1.5115104	1.4892915	3.4995806
38	748.4541	14.49941	4.4911957	4.518111	0.49918905
39	472.1893	3.5001576	2.4963412	2.4950523	3.4960778
40	243.20021	3.5059116	0.5002951	1.5085512	1.5038525
41	311.3237	2.49082	1.4987943	1.49763	2.493196
42	311.32953	2.5059538	1.5193714	1.4917766	2.4994717
43	316.181	2.50206	1.4915884	1.511232	1.49225
44	296.90555	2.495849	0.5033534	0.5070387	0.49708155
45	313.78195	4.4882402	2.5113857	2.4936757	3.508867
46	306.76755	5.5121603	1.4876907	1.4995717	3.4946477
47	412.9246	6.4959054	4.492551	4.496116	0.5014858
48	564.16656	7.496346	1.5006636	1.4888542	1.4982878
49	170.70862	2.5006769	1.502233	1.5022086	0.5037262
50	313.78824	4.497421	2.50352	2.4924037	3.503398
51	423.4146	5.5068583	2.4967244	2.509561	4.507528
52	370.0087	3.4979463	1.5110962	1.497492	0.507711
53	299.9203	3.4950542	3.5011015	3.5020986	2.500086
54	312.96124	3.5068414	1.5064461	1.499622	2.508035
55	315.85107	4.505334	2.5055408	2.4891934	3.499292
56	170.70229	3.5047286	2.4994173	2.5003772	2.500887
57	484.89175	5.486454	0.4968046	0.49342757	3.5022533
58	503.08173	7.5017223	1.4939563	1.4986011	0.5002074
59	786.41046	12.479855	5.507641	5.500433	4.49006
60	261.59027	4.49963	1.4972796	1.497921	0.50720686
61	253.7647	6.498876	4.4954395	4.496535	2.5069838
62	214.72427	6.498232	4.500727	4.5028667	0.4952189
63	256.59338	5.492119	2.5177069	2.4956188	2.5061152
64	82.60624	1.5001386	1.5033749	2.5000966	1.5027525
65	609.0547	15.501019	8.492197	1.4993916	3.4888647
66	609.05457	15.497513	8.516298	8.490599	3.5014172
69	255.82655	4.4986267	2.495082	2.492936	2.4916785
70	122.62665	2.4986072	1.5091311	1.5026087	1.4966816
72	322.3328	3.5006921	0.5009603	0.5003305	2.4972253
73	417.01007	6.502864	2.5073442	2.5018234	0.4972518
74	224.7183	4.5016522	1.501934	1.5017351	2.499904
75	436.02942	6.4930563	2.4947236	2.4973266	3.4938927
76	429.0373	4.4997807	1.4906304	1.4976887	3.5077896
77	354.68704	5.487946	2.509486	2.490644	2.501956
78	291.93716	1.4927872	0.5042375	0.50992477	2.4959493
79	253.78021	5.505346	2.4957013	2.497813	2.497239
80	280.8215	3.5178895	0.48431504	0.509624	3.5005045
81	721.4645	7.4986367	4.5043106	4.4917912	4.51569
82	308.87317	5.4876213	4.5020494	4.49327	1.5069883
83	359.91113	5.502771	1.4996086	1.5062836	2.4920502
84	159.73505	3.491231	2.496616	2.4956627	0.5083081
85	276.72034	3.4897833	1.5000209	1.4944538	1.504725
86	548.16705	8.49522	3.5017786	3.4945936	2.4968576
87	217.79233	3.5094495	2.4853826	2.495855	0.5067033
88	308.81744	5.4828544	1.4870135	1.4915899	2.5010078
89	278.8246	4.501488	0.49877033	0.49051622	2.504679
90	209.7557	4.4984255	3.506525	3.5017066	1.4920444
91	261.75464	3.5015814	1.5093762	1.5162958	2.5006382
92	290.8187	7.4994597	2.4982183	2.501238	2.5036545
93	299.8532	4.4973354	2.4967384	2.492692	3.4983926
94	331.85583	5.497809	2.5000937	2.5000312	2.4983406
95	250.83252	3.5014384	1.5004817	1.5065994	1.5036974
96	295.7992	4.5041976	2.511321	2.499533	3.5015528
97	254.77979	3.510175	1.5042956	1.4956509	2.5045152
98	366.34464	4.4960794	2.4945285	2.5072558	2.5059469
99	319.83728	5.508451	2.4920168	2.5032792	2.4946926
100	250.77783	5.502317	2.5023334	2.5023296	2.4879262
101	287.86935	3.4909184	2.4915752	2.4877803	2.4922278
102	361.85693	6.489568	1.4993718	1.5062283	2.504667
103	265.8572	4.4969077	2.4965055	2.4932487	2.5070252
104	298.9314	2.505122	1.4977857	1.498046	0.49932417
105	312.91745	2.4931915	0.51081383	0.50018597	1.5045033
106	345.3561	1.507412	0.49760902	0.50731725	4.500245
107	350.96667	3.5041428	0.5057748	0.49492553	2.5080554
108	358.29428	4.5021286	1.4994301	1.4985689	3.5024688
109	360.94833	5.5137806	2.503185	2.5065765	0.50717086
110	360.94864	5.5051885	3.4914212	3.5052283	0.5034331
111	361.33463	4.503165	0.49854025	0.5034886	2.5005178
112	364.92578	6.4909725	3.4998498	3.49923	2.5004
113	380.95996	5.491642	3.5090885	3.5009754	0.5167063
114	188.72673	1.4987646	0.4946085	0.4979352	2.4912777
115	416.32626	6.4957976	1.4931096	1.4962949	3.5040202
116	323.64108	5.4983935	3.494456	3.4985676	1.5063287
117	494.5072	5.498735	3.5116844	3.5049305	2.4968178
118	254.76088	5.4914055	2.5011153	2.5008428	2.4994075
119	426.41943	3.4977918	2.4983847	2.5047467	2.5077903
121	248.80571	4.501018	2.4969037	2.5023468	2.498501
122	327.34412	3.4959629	1.4883226	1.4849429	1.4980569
123	269.23938	3.4982202	1.4880905	1.5048052	1.4885775
124	356.9899	4.476763	2.497144	2.4944077	3.4913623
125	379.9338	6.48561	1.5106895	1.5104483	3.5028906
126	399.93887	6.514619	1.5217556	1.5044132	2.504531
127	351.90686	5.4986835	2.4988403	2.4978626	2.5023994
128	249.21785	4.486651	2.4920316	2.500388	2.491358
129	362.32736	4.497075	2.4980268	2.4924457	2.5099802
130	531.93445	4.497075	0.50207096	0.50185347	3.5053723
131	589.0641	13.508981	3.5003057	3.5046098	2.5083926
132	611.0693	15.493852	8.504507	8.512381	2.5043726
133	290.94788	2.5104125	1.4972712	1.5059147	0.5073348
134	244.8086	4.495802	3.4883556	3.5049188	0.5023209
135	346.96896	4.4952564	2.5018475	2.4951122	0.4933673
136	230.76833	3.4995983	1.4978338	1.4917642	2.5103548
137	232.78156	2.489855	2.4963052	2.4999266	2.5013266
138	223.79192	2.497975	0.50065106	0.50829226	1.50227
139	314.969	2.505141	0.4928118	0.49897635	0.5004801
140	345.9262	5.5022035	1.5008343	1.487096	3.511953
141	170.74495	2.500039	2.499608	2.4976146	1.5004109
142	282.83475	5.500814	0.4994944	0.5006879	0.49894008
143	821.63617	9.507213	8.498021	8.503264	1.4925054
144	123.62049	3.5091283	1.5029346	1.5030859	1.4975369
145	405.0459	5.4965415	1.5021846	1.4943289	0.49997255
146	431.0472	6.500286	2.5071695	2.4972203	0.49305007
147	236.7741	1.5104536	1.4961344	1.5010909	2.498525
148	398.89813	6.5000296	3.5178483	3.4891224	3.506842
149	823.44696	14.499383	6.4954987	6.4947586	2.499639
150	337.8791	5.5004673	2.5032487	2.5049813	2.4984188
151	179.72699	2.4983523	1.4876747	1.4980124	1.4990139
152	241.78705	3.502415	2.493657	2.519511	2.5045404
153	341.91922	5.502587	2.5045342	2.4965034	1.502796
154	521.93915	6.4864798	1.495918	1.4993889	1.4937743
155	441.90686	11.499124	6.5050473	6.4945965	3.507617
156	435.00635	6.504216	2.5108974	2.4940083	0.495821
157	491.1154	5.5081367	3.5055919	3.4934947	1.5148693
158	215.71564	5.4921913	2.5003333	2.5067194	3.5028002
159	416.64117	2.5023181	0.4905138	0.49793857	3.5015361
160	312.96808	2.4949613	0.49748394	0.5118175	0.5200057
161	165.69135	3.5022614	1.4981307	1.4996357	1.500642
162	373.04517	2.5024972	2.5018191	2.5138247	0.5006297
163	280.8164	6.502556	2.4946525	2.5015833	2.4984288
164	310.83038	7.5066276	2.487747	2.4930828	2.5011523
165	172.71118	3.4990513	2.5045383	2.497352	1.4977461
166	410.96484	5.5000515	3.5018103	3.4943187	0.4889939
167	343.9733	4.488189	1.5004952	1.5031481	2.504416
168	249.79854	4.4951925	2.4968061	2.4998646	2.4977734
169	358.93744	5.5023394	2.4985461	2.5007353	0.4979006
171	281.84753	4.501913	2.489356	2.4961276	0.49382803
172	171.65953	4.5043993	1.4886723	1.5039078	1.4978826
173	420.93692	8.496834	4.5051975	4.498736	4.502691
174	135.36963	4.034391	2.5253358	2.4621491	2.051129
175	255.72917	7.4958167	4.5004835	4.496988	2.4996355
176	837.55817	16.50042	5.5213265	5.4968333	0.5011737
177	225.70769	6.5006695	3.498487	3.5048954	2.498891
178	171.74344	3.5051107	2.5033731	2.4980924	0.49468452
179	419.07785	5.4995933	1.5033649	1.5078655	0.48922414
180	151.66446	2.4971032	2.497618	2.5054407	1.5014129
181	231.1718	3.495734	1.5070436	1.5008055	1.4987197
182	286.7446	6.496665	4.5032096	4.5068407	3.5001838
183	180.67126	3.4990451	1.4938151	1.4981314	2.5012753
184	609.1868	10.509946	1.5020351	1.5001155	3.5069845
185	231.78835	2.4966989	0.49274683	0.4944191	2.5024235
186	183.14632	2.5010014	1.4940157	1.4988446	0.50154847
187	123.60364	3.4970198	1.508207	1.4923342	1.4979948
188	194.74298	3.4928405	1.5065026	1.4883285	1.4911335
189	173.70992	3.499801	2.4959378	2.4965312	0.49240085
190	248.81847	3.5034137	3.5043519	3.4976182	2.5059888
191	226.78156	3.5014615	0.50033283	0.49755397	2.4987078
192	360.84647	7.5082755	1.4820476	1.5051256	1.4936457
193	96.5887	2.500709	1.5001944	1.500096	1.5015807
194	129.5934	3.4963639	2.4958942	2.4959593	1.5063577
195	416.0745	5.502448	4.511066	4.4921875	2.4970436
196	203.78752	1.5003887	0.4993557	0.50647074	1.5223577
197	131.67671	3.497352	2.5030735	2.5082767	0.4968516
198	274.9019	2.4983222	1.4987675	1.5088375	0.5019141
199	445.01862	5.4983444	2.5024328	2.5029547	0.5017063
200	392.96277	5.4919705	3.5062454	3.4890857	0.5081426
201	310.92587	2.5021944	1.4943724	1.496628	0.49870017
202	228.74083	3.5010676	3.4958606	3.501781	2.5013578
203	394.94128	6.497037	4.5070467	4.492874	0.50132877
204	460.92484	10.499038	7.4953537	7.5017424	1.5045923
205	368.88705	6.4982023	2.5020578	2.50607	2.5049021
206	424.90802	10.493354	3.486748	3.5006719	0.50405896
207	581.5682	8.50741	2.4946988	2.4962943	5.5104327
208	320.84012	6.4941254	2.5038702	2.505	1.4919823
209	387.036	4.495207	0.5030981	0.504662	0.507523
210	303.89316	4.490297	2.4944978	2.4920182	0.50286627
211	585.1573	12.524254	8.492611	8.511221	0.5062499
212	418.05737	5.4951706	1.5141549	1.5108296	2.5059268
213	418.04752	5.5114217	1.5043654	1.4884659	2.5019243
214	216.71188	4.502639	0.50974476	0.4884105	3.5010211
215	481.13696	6.503652	1.5007098	1.4950874	2.4956205
216	528.06946	10.483837	6.508111	6.48909	1.5090594
217	484.0177	15.498067	11.496237	11.502069	0.5025223
