mz	logo	psa
93.45182	4.27918	84.7
96.816017
131.315475
149.970917
162.584579
170.006256
179.135818
182.00441
183.018814
217.988495
235.938675
242.983215
243.990479
244.920349
245.98819
249.221024
249.960327
252.995941
253.987289
267.992706
277.957001
278.014679
278.989136
281.996643
287.96121
288.110107
317.275757
317.96975
318.74527
319.96328
321.125732
329.574677
329.817413
329.95993
332.210022
332.961914
333.2742
333.346558
348.93222
350.988983
364.93689
365.93154
398.961151
434.940216
462.452972
