mz	logp	psa
70.7585	6.53030000	67.43
71.311623
76.018776
82.707054
85.69474
88.390137
91.927444
93.014389
95.013611
103.17849
104.014107
111.819832
113.02108
113.023102
119.372086
122.024864
124.020393
131.941055
137.359085
147.720459
150.023804
156.027161
156.030457
156.306168
163.707993
165.77415
178.988159
185.008514
194.983231
219.599365
220.038345
222.9785
238.048416
243.622101
248.03337
249.017593
256.015381
264.004364
265.824371
269.036743
278.159454
282.625061
283.002625
284.010132
289.044098
289.121124
303.503143
304.00906
304.01641
327.017181
329.01178
330.08728
356.18454
367.049469
411.040894
447.017273
467.024139
481.574249
487.030762
