mz	logo	psa
74.122429	2.79890000000000	32.34
82.602074
92.034523
92.995468
94.994881
99.7733
103.477097
103.564011
111.945244
112.457047
113.998604
116.995888
121.980446
126.208969
127.138695
128.732925
130.992706
133.331604
138.016098
140.960709
140.996033
142.047501
142.992828
143.011475
144.991028
145.027466
146.002319
146.004761
146.585144
147.006485
149.975464
152.72612
154.047363
154.992935
155.763153
156.955978
159.972824
160.038086
160.985657
166.011261
166.992477
170.987732
171.006287
171.056671
181.154694
182.987839
184.02185
184.876648
184.950592
185.951935
186.017471
187.967499
190.993088
191.012497
193.637054
210.982483
210.999313
211.069107
215.701691
225.417511
229.941727
230.917175
230.942978
231.000412
231.010406
231.075363
