mz	logp	psa
130.0646	3.15	56.84
131.0712		
146.1173		
158.0948		
159.04		
172.0356		
173.0401		
174.051		
180.061		
183.0418		
184.0479		
185.0559		
186.0558		
188.0682		
190.0446		
190.1214		
198.0513		
199.0591		
199.0708		
200.0674		
201.0702		
202.0459		
202.0727		
209.0561		
210.0649		
211.0718		
212.0767		
214.0828		
224.0666		
226.083		
227.0883		
228.0984		
229.1026		
230.079		
230.11		
239.1108		
240.0987		
241.0841		
242.0902		
243.0943		
244.0936		
245.097		
252.0985		
258.1092		
259.1169		
260.1242		
261.1272		
270.1092		
272.1244		
276.1193		
302.1354		
303.1374		
319.1621		
320.1651		
