mz	logp	psa
70.78677	2.8229000000	41.82
72.976173
73.49305
73.515923
74.17305
75.004799
77.80809
82.050003
82.620819
82.860512
88.244919
89.454147
94.881096
94.917038
94.918587
94.993851
102.743492
106.645241
106.876747
109.907501
112.186974
112.985817
113.004906
115.000427
115.333664
116.995949
117.046104
117.763412
122.933907
125.587662
126.956421
133.029556
133.420456
133.435806
136.894592
138.90712
138.965378
141.046158
142.99292
142.995346
146.785355
154.053802
154.951416
154.992584
155.061676
163.001526
170.366013
182.987579
183.007996
183.056702
183.121933
190.211334
202.308212
