mz	logp	psa
119.09	3.2626	37.3
117.0689		
119.0849		
121.064		
121.1003		
123.0797		
129.0691		
131.0848		
132.0885		
133.0639		
133.1003		
135.0796		
135.116		
137.0951		
141.0686		
142.0757		
143.0848		
144.0893		
145.0634		
145.1001		
146.1034		
147.0793		
147.1158		
148.0837		
149.0948		
149.1308		
150.0981		
155.0846		
157.0635		
157.1002		
158.104		
159.0792		
159.116		
160.0837		
160.1199		
161.0952		
161.1312		
162.0987		
163.1108		
164.1143		
167.0842		
168.0907		
169.1003		
170.1048		
171.0788		
171.1159		
172.1199		
173.0949		
173.1313		
174.1011		
174.1347		
175.1106		
175.147		
176.1143		
177.1257		
179.0842		
181.1003		
182.1054		
183.0791		
183.1161		
184.1193		
185.0953		
185.1316		
186.1351		
187.1109		
187.1463		
189.1264		
193.0999		
195.1159		
196.1199		
197.0951		
197.1315		
198.1365		
199.1106		
199.1471		
201.1268		
201.1632		
202.1301		
202.1671		
203.142		
204.1461		
205.1005		
207.116		
208.1222		
209.0955		
209.1316		
210.1371		
211.111		
211.1476		
213.1265		
213.163		
214.1659		
215.1425		
217.158		
219.1157		
219.1739		
220.1217		
220.1767		
221.1314		
223.1109		
223.147		
224.1174		
224.1527		
225.1263		
225.1629		
226.1661		
227.142		
228.1485		
229.1577		
230.1648		
231.1736		
232.1774		
233.1321		
234.1359		
235.1475		
236.1525		
237.1256		
237.1623		
239.1431		
239.1787		
241.1584		
242.1622		
243.1741		
244.1767		
246.1406		
247.1471		
249.1642		
251.1426		
251.1787		
253.1584		
255.1728		
264.1504		
265.1581		
265.194		
266.1622		
269.1892		
275.1781		
276.183		
283.1687		
283.2049		
293.1901		
294.1937		
311.201		
312.2042		
313.207		
