mz	logp	psa
72.532021	5.47020000	67.43
75.040512
77.03508
77.657074
85.534691
93.014267
94.994682
96.99041
109.601524
109.956924
110.041183
113.020851
114.214249
116.996803
124.254982
128.928162
136.020233
140.159714
142.121429
156.026749
157.025497
158.00386
160.449387
169.171036
173.951813
174.896851
174.90123
174.905624
174.959946
175.020874
175.653473
185.111771
185.9519
198.857819
199.954956
201.94693
210.013641
215.942322
233.26825
235.949112
240.998016
255.9551
258.000305
261.928314
275.961304
284.98782
293.977539
294.960907
300.947723
300.9563
301.99035
302.998444
307.334351
320.964447
338.974365
357.556183
359.001892
371.561371
381.540833
386.84433
394.558929
394.979279
395.962677
402.991821
413.396942
415.968109
422.999207
427.456482
438.875671
438.969452
458.975616
