mz	logp	psa
89.1197	6.381800000	48.78
101.833733
124.08549
126.103798
126.26416
136.640427
139.751297
144.04361
145.025772
147.323715
151.09523
159.047073
164.045685
164.64952
169.018173
170.012665
176.892471
177.099213
183.041046
183.837372
186.054199
189.015671
193.144608
196.035873
196.092331
198.056
200.05992
201.09214
201.878967
202.112762
210.056259
213.31887
214.71792
220.06694
228.153992
232.991989
236.039032
236.907639
237.065659
237.10992
238.05992
240.099792
242.123978
247.111572
255.110855
263.066284
270.12851
276.133179
277.58105
293.583496
294.121368
295.059784
295.152466
295.711731
295.960846
296.138702
297.12899
298.056061
299.00216
299.29412
307.03805
315.073853
329.025299
333.073486
334.1444
335.083801
346.505096
347.14776
353.075592
354.30706
355.090485
355.529327
356.094025
363.093231
367.089539
368.085266
381.084442
383.099091
383.321564
396.104187
397.111755
399.06475
408.09671
413.008331
417.109436
437.118408
445.159729
473.18356
476.158478
491.175537
492.397064
492.93005
493.185791
496.75396
