mz	logp	psa
85.03424	5.60140000000000	170.06
100.933121
101.938957
109.029472
110.04029
113.0981
115.04928
120.8978
135.0391
173.0488
179.0669
185.1573
197.094
204.9821
219.1865
221.141
224.444
228.7235
229.108
230.1127
241.07716
276.2825
282.9756
307.004
307.1631
325.2525
334.9768
338.1835
369.9973
376.9966
390.1641
425.2424
439.2558
461.076
491.99136
500.9678
501.986694
502.98291
505.0064
510.9927
520.9971
531.309
532.3063
549.3175
551.975
560.9812
575.261
610.9564
634.97
652.9593
675.95202
679.0028
693.0009
693.42303
711.0044
711.4064
761.4251
762.44866
781.0316
802.523
811.610779
829.5003
830.5207
837.48333
855.4826
856.5054
873.39941
873.5083
919.0332
