mz	logp	psa
70.52393	6.1055000000	67.43
73.528587
75.132614
81.255981
83.094193
85.798286
85.799797
87.95192
92.65213
93.014374
108.926857
113.020821
117.129219
121.875069
122.42409
125.094437
126.751373
129.21817
130.992722
142.698105
145.891113
146.987488
153.04126
156.026733
165.26611
165.970261
170.092575
173.952332
174.898483
174.95993
174.96431
175.023056
175.967987
185.95253
195.973618
199.955536
201.870728
201.94693
203.983917
208.1689
217.094452
217.124039
219.953949
222.68425
228.304306
229.962418
231.9617
231.997513
236.237198
238.747986
243.965958
249.969818
258.000366
265.939362
267.021545
269.975067
272.113617
275.004059
278.990753
285.946167
287.950714
294.96109
301.990356
302.998413
305.952728
325.95816
331.932312
338.974396
341.911774
350.953674
351.93795
397.513672
397.52496
403.69101
408.999451
432.981384
445.958893
452.988678
456.893433
462.733948
468.958923
488.965851
