mz	logp	psa
137.09	3.9495	60.44
124.0834		
137.0954		
145.1004		
147.1168		
159.1159		
161.132		
163.111		
171.1161		
173.1316		
175.1469		
177.1268		
187.1479		
189.1265		
191.1423		
197.1321		
199.1474		
203.1423		
205.1585		
213.1635		
215.1425		
217.1587		
225.1629		
227.1791		
229.1583		
231.1748		
245.1892		
257.1537		
267.2102		
268.2136		
269.1903		
275.1637		
276.1667		
283.2055		
284.2131		
285.2212		
286.2247		
291.2103		
309.2209		
310.225		
327.2321		
328.2353		
345.2431		
346.2464		
347.2485		
