mz	logp	psa
119.0858	1.4107	94.83
121.0649		
121.1017		
123.082		
125.0605		
127.0749		
129.071		
131.0855		
133.066		
133.1013		
135.0808		
136.084		
137.0584		
137.097		
139.076		
143.0857		
145.0648		
145.1012		
146.0717		
147.0803		
147.1166		
148.0841		
149.0963		
150.099		
151.075		
151.1115		
153.0904		
155.072		
157.0876		
157.1013		
158.0728		
159.0812		
159.1177		
160.0844		
161.0965		
162.0996		
163.0756		
163.1119		
165.0916		
166.0949		
167.1055		
169.1032		
171.0807		
171.1173		
172.0889		
173.0969		
173.1322		
174.1003		
175.0756		
175.112		
176.1155		
177.0918		
177.1269		
178.0957		
179.1065		
183.1026		
184.108		
185.0965		
186.1001		
187.1123		
188.1157		
189.0914		
189.1273		
190.0964		
191.1074		
191.1434		
193.1241		
195.117		
196.1241		
197.0963		
198.1033		
199.1123		
200.1168		
201.0922		
201.1278		
202.1309		
203.1083		
203.1429		
205.1233		
209.0963		
210.1		
211.1126		
212.1158		
213.0931		
213.1281		
214.1326		
215.106		
215.1435		
219.1383		
221.0941		
221.1354		
222.1046		
223.1132		
223.1361		
224.1205		
225.1283		
226.1324		
227.107		
227.1428		
228.1117		
228.1456		
229.1251		
231.1391		
232.1414		
235.1121		
235.1498		
236.116		
237.1285		
238.1327		
239.1048		
239.1444		
240.1486		
241.1241		
241.1593		
242.163		
243.1026		
243.137		
243.1729		
247.1127		
248.1219		
249.1279		
249.1649		
250.1318		
251.1435		
252.1477		
253.1596		
254.1633		
255.1373		
255.1753		
256.1794		
257.1534		
260.1206		
261.1296		
261.1658		
262.134		
263.1442		
263.1801		
264.1477		
265.1237		
265.1598		
266.1648		
267.1394		
268.1436		
269.1545		
270.158		
274.1367		
275.1433		
275.1798		
276.1505		
277.1595		
278.165		
279.1395		
279.1757		
280.1434		
280.1823		
281.1903		
282.1939		
283.1694		
283.2081		
285.1527		
288.1516		
289.1561		
290.1716		
291.1751		
292.1807		
293.1532		
293.1912		
294.1593		
294.1936		
295.1713		
295.2004		
296.1753		
297.1501		
297.1855		
298.1537		
298.1892		
299.2012		
303.1756		
304.1782		
305.1827		
306.1605		
308.1828		
309.1873		
310.1902		
311.1662		
311.2018		
312.2039		
315.1616		
316.1645		
321.1861		
322.1888		
323.1924		
327.1972		
328.1964		
328.2075		
329.2116		
339.1969		
340.2005		
341.204		
357.2082		
358.211		
359.2131		
375.2177		
