mz	logp	psa
56.1	0.2438	64.71
50.1		
56.1		
57.1		
68.8		
69.3		
74		
81.1		
83.1		
84.8		
88.9		
91.3		
93		
95.3		
98.7		
104.6		
104.9		
107		
108.4		
109.1		
111		
112.3		
113.1		
115.7		
117.2		
118		
119		
121.3		
123		
124.3		
126.7		
129.1		
130		
131		
132.1		
132.9		
134.1		
135.1		
135.9		
137.1		
138.2		
144.1		
145.2		
146.5		
147		
148.3		
149.3		
150.3		
151.2		
151.9		
153.2		
159		
160.3		
161.6		
162.2		
163.2		
164.3		
165.3		
166.2		
167.3		
170.1		
175.1		
177.3		
179.2		
180.2		
194.3		
195.2		
212.3		
