mz	logp	psa
60.4	-1.0486	88.94
59.1		
60.4		
69.1		
69.5		
73.1		
80.9		
83		
84.2		
86.3		
87		
89.2		
94		
95.9		
96.9		
97.1		
98.9		
100.2		
102.2		
105.2		
107.3		
109.3		
110.1		
111.2		
112.1		
114		
116.3		
117.3		
119.8		
122.1		
123.2		
124.3		
125.1		
126.2		
127.3		
133.1		
135.4		
137.1		
138.2		
139.3		
141.1		
142.2		
146.9		
148.5		
150.2		
151.3		
152.3		
153.5		
157		
161.3		
163.4		
164.3		
165.2		
166.3		
168.1		
174.1		
175.1		
176.1		
177.5		
178.2		
181.2		
182.5		
192.4		
193.5		
208		
208.9		
210.2		
225		
