aciclovir	50.1	non,CNS	0.9982	112.24
	45			
	50.1			
	62.8			
	64			
	68			
	72.7			
	75.1			
	77			
	80.8			
	82			
	88.7			
	89.1			
	93.4			
	95.2			
	96.9			
	98.8			
	99.9			
	101			
	101.3			
	103.1			
	104.9			
	106.2			
	107.1			
	107.3			
	108.1			
	108.9			
	110			
	111.1			
	112.8			
	115.3			
	120.8			
	122.2			
	122.6			
	127.9			
	131			
	133.2			
	134.9			
	136			
	137.3			
	140.3			
	145			
	146.6			
	149.5			
	151			
	152.2			
	153.1			
	163.2			
	164.1			
	167			
	170			
	173			
	176			
	177.2			
	181.5			
	191.3			
	193.8			
	196.4			
	209.4			
	226.2			
aimaline	136.037	non,CNS	1.791	46.94
	110.0963			
	136.077			
	138.0905			
	144.0765			
	158.0942			
	170.0885			
	182.0964			
	182.1176			
	184.1103			
	210.1218			
	212.1044			
	237.1322			
	238.1239			
	264.1659			
	274.1533			
	291.1858			
	292.1688			
	309.2007			
	310.1713			
	327.2049			
allopurinol	109.04	non,CNS	-3.0509	65.85
	94.0402			
	109.04			
	110.0351			
	111.0379			
	119.0355			
	120.0195			
	137.0461			
	138.0486			
Allylestrenol	72.9	non,CNS	4.8944	20.23
	71			
	72.9			
	78			
	83.3			
	84.7			
	85.3			
	87			
	89.3			
	91.1			
	94.1			
	96.9			
	98.7			
	104.6			
	106.8			
	109.4			
	111.2			
	119.1			
	121.3			
	122.2			
	125.1			
	126.2			
	126.7			
	134.9			
	137.1			
	141.7			
	153.1			
	165.1			
	166.3			
	167.8			
	170.1			
	185.5			
	191.2			
	194			
	196.1			
	198			
	198.9			
	205.1			
	212.3			
	223.4			
	225.5			
	240.5			
	241.5			
	258.4			
amifostine	83.5	non,CNS	-6.9869	130.69
	80.6			
	83.5			
	84.6			
	95			
	96.1			
	97			
	99			
	101.1			
	104.6			
	105			
	105.9			
	106.7			
	109			
	112.2			
	114			
	117.2			
	118.6			
	120.7			
	122.1			
	123.9			
	130.9			
	133.3			
	135.2			
	137			
	139			
	140			
	142.8			
	147.2			
	151.1			
	151.4			
	152			
	164.8			
	170.2			
	172.9			
	180			
	182.9			
	197.2			
	198.4			
	215.5			
amikacin	299.5	non,CNS	-8.5032	331.94
	283.3			
	299.5			
	425.6			
	469.1			
	586.7			
Amiloride	61.985	non,CNS	-1.5887	159.29
	60.0579			
	61.985			
	63.9971			
	73.9811			
	86.0356			
	88.9913			
	96.0877			
	100.9938			
	108.0433			
	116.0018			
	143.0151			
	171.0085			
	230.0552			
aminophenazone	114.11	non,CNS	0.3023	26.79
	113.1065			
	114.1112			
	117.0567			
	118.0642			
	119.0671			
	123.0539			
	125.0723			
	127.0864			
	128.0487			
	129.1022			
	130.0629			
	132.0434			
	132.0792			
	133.0472			
	133.0751			
	134.0587			
	139.085			
	140.0898			
	142.0666			
	144.0791			
	145.0861			
	146.0585			
	147.0622			
	147.0905			
	149.1059			
	150.1089			
	155.0692			
	158.0586			
	159.0902			
	160.0745			
	160.0936			
	161.069			
	161.1052			
	162.0782			
	163.1206			
	169.0762			
	170.058			
	172.0616			
	173.1069			
	175.085			
	176.0883			
	177.101			
	178.1038			
	179.1091			
	185.0689			
	187.0851			
	188.0929			
	189.0976			
	189.1246			
	199.0863			
	200.0928			
	201.1018			
	202.0971			
	203.1006			
	204.1489			
	214.1328			
	215.1348			
	216.1122			
	217.1196			
	218.1224			
	230.1277			
	231.1337			
	232.1438			
	233.1462			
	234.1506			
amiodarone	648.036	non,CNS	6.2801	42.68
	647.0336			
	648.036			
anastrozole	184.11	non,CNS	2.6107	78.29
	171.0986			
	184.1113			
	185.1144			
	212.1063			
	213.1096			
atazanavir	336.2	non,CNS	3.3709	171.22
	335.1989			
	336.2023			
	534.3112			
	687.392			
	705.4037			
	706.4068			
	707.4094			
atorvastatin	404.207	non,CNS	5.6217	111.79
	380.1655			
	404.2077			
	422.2156			
	423.2179			
	430.1836			
	440.2268			
	441.2296			
	442.2331			
	448.1954			
	449.1987			
	466.207			
	467.2074			
	468.2114			
	517.2126			
	541.2523			
	559.2646			
	560.2674			
	561.272			
azithromycin	749.51	non,CNS	1.6569	180.08
	592.4231			
	749.5173			
	750.5211			
	751.5251			
	752.5273			
benzocaine	44.9	non,CNS	1.3016	52.32
	41			
	44.9			
	57			
	59			
	62.7			
	71.3			
	73.1			
	74.8			
	77			
	80.9			
	84.4			
	87.2			
	89.2			
	92			
	93.2			
	94.1			
	95.4			
	98.8			
	100.9			
	102.1			
	102.8			
	104.7			
	105.9			
	107			
	117.3			
	120.2			
	121.2			
	121.8			
	129.9			
	130.9			
	134.5			
	138.2			
	149			
	166.1			
benzafibrate	138.998	non,CNS	3.3525	75.63
	122.0667			
	138.9934			
	139.9968			
	140.9907			
	161.0953			
	163.0745			
	178.1212			
	189.0909			
	207.1009			
	208.1031			
	276.0781			
	277.0832			
	278.0757			
	279.0775			
	316.11			
	317.1118			
	318.1081			
	319.1093			
	344.1037			
	346.1029			
	362.1135			
	363.1175			
	364.1159			
bezafibrate	138.99	non,CNS	3.3525	75.63
	122.0667			
	138.9934			
	139.9968			
	140.9907			
	161.0953			
	163.0745			
	178.1212			
	189.0909			
	207.1009			
	208.1031			
	276.0781			
	277.0832			
	278.0757			
	279.0775			
	316.11			
	317.1118			
	318.1081			
	319.1093			
	344.1037			
	346.1029			
	362.1135			
	363.1175			
	364.1159			
bifonazole	243.117	non,CNS	4.7577	17.82
	228.0924			
	243.1171			
	244.1197			
	245.1229			
bosentan	311.107	non,CNS	3.479	154.03
	280.0833			
	311.1005			
	508.1642			
	509.1678			
	552.1911			
	553.1943			
bromhexine	263.87	non,CNS	3.6113	29.26
	262.8792			
	263.8751			
	264.8829			
	374.9993			
	376.9928			
	377.9995			
bumetanide	111.11	non,CNS	2.2664	127.1
	105.2			
	111.1			
	156.5			
	167			
	181			
	183.3			
	184			
	186.9			
	189.3			
	191			
	192.8			
	197			
	199.1			
	206.2			
	212			
	213.5			
	217.8			
	219.1			
	232.8			
	236.9			
	240.4			
	245.6			
	262.4			
	266			
	273.2			
	283			
	284.5			
	292.5			
	305.1			
	333.3			
	347.5			
	348.5			
	365.4			
captopril	218.052	non,CNS	0.366	96.41
	172.0788			
	218.0852			
carbachol	55.1	non,CNS	-3.7317	52.32
	45			
	55.1			
	60.1			
	65.1			
	70.1			
	71.1			
	72			
	74.2			
	80.8			
	83.1			
	84.2			
	85.1			
	86.3			
	88.1			
	104.1			
	112			
	115.2			
	116			
	129.8			
	147.2			
cefazolin	126.09	non,CNS	-1.0017	234.93
	124.0514			
	126.0391			
	128.0296			
	132.9892			
	139.033			
	140.0452			
	141.0489			
	151.0336			
	152.017			
	153.0501			
	154.052			
	156.0124			
	157.0179			
	162.0692			
	162.0892			
	163.0332			
	166.0447			
	167.0297			
	168.0128			
	168.0537			
	178.0447			
	179.0268			
	180.0595			
	184.0183			
	190.0871			
	195.0242			
	195.0715			
	206.0399			
	208.0573			
	221.0467			
	223.0667			
	239.0601			
	252.0467			
	295.0632			
	296.0654			
	323.0588			
	325.0567			
cefoperazone	290.11	non,CNS	-1.2001	270.86
	186.0892			
	290.1169			
	318.1142			
	345.0549			
	360.0703			
	375.1344			
	530.1429			
	531.1385			
chloramphenicol	148.058	non,CNS	-0.4248	115.38
	146.0548			
	148.058			
	165.0664			
	206.0357			
	241.0155			
	257.9915			
	274.9982			
cilastatin	142.05	non,CNS	-0.8388	155.02
	130.0687			
	142.0875			
	156.0847			
	166.0858			
	174.06			
	184.0968			
	194.1529			
	200.0743			
	202.0904			
	203.092			
	204.0863			
	217.1002			
	219.1175			
	220.1197			
	221.1105			
	226.1252			
	238.1442			
	239.1467			
	245.0987			
	246.0876			
	252.1036			
	263.1067			
	264.1074			
	313.1632			
	315.1736			
	341.153			
	342.1413			
	359.1651			
ciprofloxacin	112.11	non,CNS	-1.5264	72.88
	111.1			
	112.1			
	121			
	128.8			
	131.7			
	139.3			
	143.9			
	144.5			
	149.7			
	152.3			
	157			
	158			
	167.5			
	175.4			
	178.8			
	184.4			
	185.5			
	186.4			
	196.1			
	198.2			
	203.5			
	204.9			
	213.2			
	218			
	223.3			
	224.9			
	226.9			
	231.3			
	233			
	239.2			
	241.3			
	245.2			
	255.1			
	259.4			
	268.5			
	272.5			
	288.4			
	314.4			
	315.4			
	332.6			
Clarithromycin	158.11	non,CNS	2.0998	182.91
	127.0743			
	158.1164			
	284.1858			
	316.2108			
	397.2571			
	558.3626			
	559.365			
	560.3691			
	590.3896			
	591.3922			
	748.4852			
	749.4883			
	750.4912			
	751.4911			
clopidogrel	153.028	non,CNS	2.7073	57.78
	152.0252			
	153.028			
	154.0223			
	155.0248			
	157.0218			
	183.0199			
	184.0516			
	185.017			
	185.0548			
	186.0487			
	187.0517			
	201.0306			
	212.0475			
	213.05			
	214.044			
	215.0471			
	262.0447			
	322.0665			
	323.0694			
	324.0636			
clotrimazole	241.107	non,CNS	5.3668	17.82
	166.0721			
	241.1007			
	242.1082			
	277.0778			
	278.0813			
	279.075			
	280.0776			
	327.0781			
colchicine	382.16	non,CNS	1.863	83.09
	358.1647			
	382.1645			
	400.1755			
	401.1786			
	402.1811			
crotamiton	121.0879	non,CNS	3.0195	20.31
	134.0593			
	134.0955			
	135.0622			
	136.1112			
	137.1144			
	158.0954			
	159.0985			
	162.0903			
	176.106			
	176.1422			
	186.1268			
	204.1377			
	205.1408			
	206.1441			
cyclophosphamide	140.019	non,CNS	0.727	51.38
	138.0302			
	140.0019			
	141.0051			
	141.9988			
	142.0175			
	143.0019			
	143.0204			
	144.0144			
	185.023			
	199.0384			
	233.0001			
	234.0025			
	234.9969			
	261.0315			
	262.0342			
	263.0286			
cyproterone	146.0944	non,CNS	3.7275	60.44
	373.1536			
darunavir	208.098	non,CNS	2.237	148.8
	156.0122			
	208.0987			
	241.1021			
	242.1051			
	245.1663			
	246.1717			
	261.1656			
	357.1662			
	374.1962			
	375.1814			
	392.2046			
	393.2077			
	394.2041			
	418.182			
	436.1948			
	437.2015			
	504.2664			
	548.2465			
daunorubicin	189.3	non,CNS	1.094	185.84
	130			
	189.3			
	241.5			
	244			
	259.9			
	294.4			
	296.4			
	321.5			
	363.5			
	381.5			
	528.2			
dibucaine	116.05	non,CNS	3.5233	54.46
	100.1131			
	116.0502			
	144.0451			
	215.0826			
	241.2368			
	271.146			
	288.1723			
	344.2333			
diosmin	303.086	non,CNS	-0.634	234.29
	302.0749			
	303.0867			
	431.1322			
	447.1279			
	449.1418			
	463.1225			
	463.2041			
	464.1256			
	465.1304			
	609.1815			
	610.1845			
	611.1859			
donedarone	558.3119	non,CNS	6.7266	97.23
	557.3114			
	558.3119			
drospirenone	123.076	non,CNS	3.4384	43.37
	131.0848			
	133.1004			
	135.0793			
	143.0842			
	145.1002			
	147.0793			
	149.095			
	153.0899			
	157.1002			
	159.0793			
	159.1158			
	161.095			
	165.0901			
	169.1002			
	171.1156			
	173.0951			
	175.1105			
	177.0903			
	183.1156			
	185.0946			
	185.131			
	187.1103			
	189.1266			
	195.1158			
	197.1315			
	199.1106			
	201.1261			
	209.1316			
	211.1474			
	213.1268			
	215.1423			
	217.1214			
	219.137			
	221.1318			
	227.1416			
	231.1372			
	235.1474			
	239.1425			
	253.1585			
	257.1531			
	258.1574			
	289.1941			
	295.1691			
	307.205			
	321.2207			
	331.2055			
	349.2164			
	350.2194			
	367.2273			
	368.2305			
	369.2331			
dyhydrogesterone	121.11	non,CNS	3.7436	34.14
	121.0643			
	121.1001			
	123.0801			
	127.0746			
	131.0841			
	133.0643			
	133.1001			
	135.0789			
	135.116			
	137.095			
	143.0844			
	145.0999			
	147.0791			
	147.1157			
	149.0953			
	151.1101			
	155.0841			
	157.1001			
	159.079			
	159.1157			
	160.1197			
	161.095			
	161.1308			
	163.1109			
	164.1149			
	169.1001			
	171.0792			
	171.116			
	172.1188			
	173.095			
	173.1312			
	174.0988			
	175.1109			
	175.1467			
	176.1142			
	177.1264			
	178.1294			
	181.1003			
	183.1159			
	185.0951			
	185.1313			
	187.1107			
	187.1473			
	189.1267			
	191.142			
	195.1159			
	197.1317			
	198.1353			
	199.1113			
	199.1475			
	200.114			
	201.1265			
	203.1419			
	207.1158			
	209.1314			
	211.1109			
	211.1475			
	212.1519			
	213.126			
	213.163			
	215.1418			
	215.1789			
	217.158			
	221.132			
	222.1365			
	225.1268			
	225.1635			
	226.1318			
	226.1665			
	227.1417			
	229.1581			
	230.1613			
	231.173			
	235.1476			
	237.163			
	238.1665			
	239.1426			
	240.1473			
	243.1734			
	249.1636			
	251.1784			
	252.1842			
	253.1581			
	253.195			
	254.198			
	255.174			
	256.1774			
	267.1738			
	267.2101			
	268.1786			
	269.1899			
	270.1936			
	271.2051			
	272.2086			
	277.1947			
	278.198			
	295.2058			
	296.2088			
	297.2128			
	313.2166			
	314.2197			
	315.2225			
efavirenz	169.11	non,CNS	3.6614	38.33
	168.0794			
	169.0821			
	188.0262			
	201.034			
	202.0398			
	203.0479			
	204.0364			
	205.0463			
	217.068			
	220.0125			
	222.0131			
	222.0525			
	223.0579			
	224.008			
	232.0126			
	232.0303			
	233.0131			
	234.0095			
	235.0584			
	236.0678			
	237.0751			
	238.0777			
	244.0129			
	245.016			
	246.0107			
	247.0133			
	250.0243			
	252.0176			
	252.0359			
	254.0381			
	263.0548			
	270.0294			
	272.045			
	278.0195			
	280.0163			
enalaoril	160.11	non,CNS	-0.0245	95.94
	134.0965			
	160.112			
	234.1449			
	303.1676			
	377.2053			
erythromycin	734.43	non,CNS	1.6719	193.91
	576.3847			
	734.4703			
ethambutol	55.057	non,CNS	-0.3822	64.52
	62.0624			
	90.0924			
	98.0973			
	116.1079			
	205.1911			
etoposide	229.1	non,CNS	0.6726	160.83
	186.0629			
	229.0495			
	230.0527			
	231.0549			
	247.0599			
	248.063			
	383.1123			
	435.1284			
exemestane	119.08	non,CNS	3.6076	34.14
	117.0707			
	119.0859			
	121.065			
	121.1013			
	122.0684			
	122.1055			
	123.0809			
	123.1168			
	128.0609			
	129.0703			
	130.0764			
	131.086			
	132.0553			
	133.0655			
	133.1017			
	135.0445			
	135.0806			
	135.1172			
	136.0841			
	137.0602			
	137.0958			
	142.0769			
	143.0855			
	145.0653			
	145.1014			
	146.0706			
	146.1044			
	147.0809			
	147.1168			
	148.0845			
	149.0965			
	150.0998			
	151.111			
	157.0998			
	158.0734			
	159.0805			
	159.1163			
	160.0855			
	161.059			
	161.0968			
	161.132			
	163.0756			
	163.1119			
	164.1161			
	169.1009			
	171.0804			
	171.1175			
	172.0871			
	172.1209			
	173.0965			
	174.1002			
	175.0749			
	175.1124			
	176.1181			
	177.1286			
	183.082			
	185.0965			
	186.0994			
	187.1125			
	188.1161			
	189.0898			
	189.1276			
	190.1315			
	195.0817			
	195.1176			
	197.0975			
	198.1011			
	199.1132			
	200.1155			
	201.0932			
	201.1283			
	202.1314			
	203.1088			
	207.1172			
	209.0981			
	210.1027			
	211.1127			
	212.117			
	213.1282			
	214.133			
	215.107			
	215.1446			
	216.1114			
	221.1336			
	223.1122			
	224.1188			
	225.1287			
	227.1076			
	227.1425			
	228.1486			
	229.1246			
	237.1285			
	237.1629			
	238.1351			
	239.1438			
	240.1481			
	241.1219			
	241.1592			
	246.1403			
	249.1291			
	250.1349			
	251.1445			
	251.1815			
	252.1473			
	253.1599			
	254.1649			
	255.1414			
	255.1748			
	256.178			
	261.1662			
	264.1523			
	265.1572			
	269.1547			
	269.1913			
	279.176			
	280.179			
	281.1829			
	283.1761			
	297.1863			
	298.1898			
enalaprilat	117.07	non,CNS	-0.8587	106.94
	116.0705			
	117.0701			
	134.0964			
	160.1118			
	206.1157			
	303.1681			
	349.1754			
fenofibrate	121.0278	non,CNS	4.389	52.6
	138.9937			
	139.9968			
	140.9906			
	233.0364			
	234.0394			
	235.0335			
	236.0363			
	361.1205			
	362.1233			
	363.1175			
finasteride	318.22	non,CNS	3.1604	58.2
	317.2226			
	318.2258			
	373.2863			
	374.2888			
	375.2917			
flavoxate	119.08	non,CNS	4.5588	55.84
	112.1128			
	119.086			
	131.0021			
	139.0336			
	147.0082			
	191.0311			
	198.1268			
	199.1345			
	203.0231			
	236.1349			
	250.1505			
	258.1478			
	263.0709			
	272.1635			
	272.6651			
	295.1947			
	307.0971			
	310.1708			
	323.226			
	324.2293			
	341.237			
	341.305			
	392.1862			
	392.248			
	392.2755			
flecainide	399.12	non,CNS	3.2379	59.59
	398.1182			
	399.1209			
	415.1454			
	416.1478			
	417.1501			
fluvastatin	212.35	non,CNS	3.9775	82.69
	141.0545			
	212.0906			
	223.0807			
	224.088			
	225.0917			
	238.1044			
	254.1368			
	255.1407			
	264.1198			
	266.1353			
	267.1387			
	280.151			
	281.1588			
	290.135			
	306.1668			
	352.1346			
	353.142			
	370.1483			
	371.148			
	376.1776			
	377.1755			
	394.1823			
	395.1873			
	411.1829			
	412.1935			
	413.1962			
fomepizole	212.09	non,CNS	-0.1029	28.68
	141.0545			
	212.0906			
	223.0807			
	224.088			
	225.0917			
	238.1044			
	254.1368			
	255.1407			
	264.1198			
	266.1353			
	267.1387			
	280.151			
	281.1588			
	290.135			
	306.1668			
	352.1346			
	353.142			
	370.1483			
	371.148			
	376.1776			
	377.1755			
	394.1823			
	395.1873			
	411.1829			
	412.1935			
	413.1962			
fosinopril	221.14	non,CNS	5.3486	120.02
	177.1136			
	221.14			
	265.1641			
	418.2173			
	436.2278			
	437.229			
	459.2752			
furosemide	144.98	non,CNS	0.7685	131.01
gemcitabine	163.009	non,CNS	-2.0433	108.38
	144.9908			
	163.0019			
gemfibrozil	123.08	non,CNS	3.5547	46.53
	129.09			
	130.0924			
	135.0791			
	137.0955			
	161.0947			
	189.1644			
	191.178			
	233.1494			
gestodene	119.09	non,CNS	3.2626	37.3
	117.0689			
	119.0849			
	121.064			
	121.1003			
	123.0797			
	129.0691			
	131.0848			
	132.0885			
	133.0639			
	133.1003			
	135.0796			
	135.116			
	137.0951			
	141.0686			
	142.0757			
	143.0848			
	144.0893			
	145.0634			
	145.1001			
	146.1034			
	147.0793			
	147.1158			
	148.0837			
	149.0948			
	149.1308			
	150.0981			
	155.0846			
	157.0635			
	157.1002			
	158.104			
	159.0792			
	159.116			
	160.0837			
	160.1199			
	161.0952			
	161.1312			
	162.0987			
	163.1108			
	164.1143			
	167.0842			
	168.0907			
	169.1003			
	170.1048			
	171.0788			
	171.1159			
	172.1199			
	173.0949			
	173.1313			
	174.1011			
	174.1347			
	175.1106			
	175.147			
	176.1143			
	177.1257			
	179.0842			
	181.1003			
	182.1054			
	183.0791			
	183.1161			
	184.1193			
	185.0953			
	185.1316			
	186.1351			
	187.1109			
	187.1463			
	189.1264			
	193.0999			
	195.1159			
	196.1199			
	197.0951			
	197.1315			
	198.1365			
	199.1106			
	199.1471			
	201.1268			
	201.1632			
	202.1301			
	202.1671			
	203.142			
	204.1461			
	205.1005			
	207.116			
	208.1222			
	209.0955			
	209.1316			
	210.1371			
	211.111			
	211.1476			
	213.1265			
	213.163			
	214.1659			
	215.1425			
	217.158			
	219.1157			
	219.1739			
	220.1217			
	220.1767			
	221.1314			
	223.1109			
	223.147			
	224.1174			
	224.1527			
	225.1263			
	225.1629			
	226.1661			
	227.142			
	228.1485			
	229.1577			
	230.1648			
	231.1736			
	232.1774			
	233.1321			
	234.1359			
	235.1475			
	236.1525			
	237.1256			
	237.1623			
	239.1431			
	239.1787			
	241.1584			
	242.1622			
	243.1741			
	244.1767			
	246.1406			
	247.1471			
	249.1642			
	251.1426			
	251.1787			
	253.1584			
	255.1728			
	264.1504			
	265.1581			
	265.194			
	266.1622			
	269.1892			
	275.1781			
	276.183			
	283.1687			
	283.2049			
	293.1901			
	294.1937			
	311.201			
	312.2042			
	313.207			
glimepiride	127.09	non,CNS	3.5186	133.06
	126.0905			
	127.0934			
	167.0149			
	181.0959			
	335.1055			
	336.1088			
	352.1326			
	353.1354			
	354.1308			
	355.1336			
	369.0654			
	378.1111			
	379.1147			
hesperetin	153	non,CNS	2.0857	96.22
	151.0752			
	153.0182			
	154.0216			
	171.0287			
	177.0545			
	178.0579			
	179.0338			
	201.0544			
	219.0652			
	261.0756			
	285.0757			
	303.0864			
	304.0898			
	305.092			
hydroxychloroquine	164.02	non,CNS	3.0824	48.39
	159.1553			
	164.0245			
	179.0359			
	191.0347			
	247.0989			
	248.1018			
	249.0959			
	250.0984			
	336.1832			
	337.1862			
	338.1801			
ifossfamide	127.97	non,CNS	1.0573	51.38
	122.0534			
	127.9651			
	141.981			
	146.0353			
	153.9808			
	154.9839			
	155.9777			
	182.0121			
	183.0153			
	184.0091			
	200.0228			
	202.0195			
	233.0002			
	234.003			
	234.9972			
	261.0317			
	262.0344			
	263.0287			
imatinib	394.16	non,CNS	3.9383	86.28
	218.1356			
	394.1658			
	395.1684			
	396.1729			
	494.2663			
	495.2695			
	496.2714			
indapamide	234.98	non,CNS	1.9173	100.88
	133.0803			
	234.9879			
kanamycin	177.8	non,CNS	-7.4739	282.61
	176.2			
	177.8			
	231.2			
	239			
	255.5			
	256.5			
	324.7			
	348.5			
	360.9			
	362.2			
	366.3			
	485.6			
ketoconazole	533.13	non,CNS	3.3639	69.06
	532.1587			
	533.1532			
labetalol	133.099	non,CNS	1.7795	95.58
	162.0536			
	163.0566			
	164.0688			
	165.0532			
	179.0802			
	180.0637			
	180.0836			
	190.0846			
	207.1116			
	208.115			
	294.148			
	295.1514			
	296.1532			
	311.1748			
	312.1774			
	313.1808			
	329.1846			
	330.1876			
lapatinib	581.14	non,CNS	4.7281	114.73
	458.1048			
	581.142			
	582.1447			
	583.1397			
levamisole	146.09	non,CNS	1.692	40.9
	178.0686			
	179.0715			
	205.0796			
	206.0824			
	207.0757			
lincomycin	172.1	non,CNS	-0.2903	147.79
	127.1301			
	172.1319			
	299.1978			
	317.2068			
	318.2091			
	359.2173			
	360.2207			
	389.2101			
	390.2141			
	407.2208			
	408.2237			
	409.2211			
lopinavir	183.11	non,CNS	4.847	120
	156.1199			
	183.112			
	184.1152			
	429.2539			
	430.2564			
	447.2647			
	448.2678			
	449.2703			
	611.3595			
	612.3629			
	629.3699			
	630.3734			
losartan	173.06	non,CNS	3.9536	92.51
	172.0706			
	173.0642			
	180.0791			
	189.0777			
	190.0644			
	191.0735			
	192.0798			
	193.0825			
	206.0826			
	206.0945			
	207.0909			
	208.0937			
	209.0971			
	235.0969			
	236.1003			
	253.108			
	258.1017			
	259.1049			
	294.0781			
	324.1488			
	341.1754			
	342.1777			
	362.1408			
	364.139			
	365.1539			
	377.1522			
	378.1553			
	379.1496			
	380.1514			
	405.1588			
	406.161			
	407.156			
	408.159			
	423.168			
	424.1701			
	425.1667			
mebendazole	266.087	non,CNS	2.0676	79.79
	265.0806			
	266.0827			
	296.1031			
	297.107			
mecamylamine	49.9	non,CNS	1.9558	12.03
	45			
	49.9			
	57			
	60.9			
	62.8			
	67			
	69.1			
	71.1			
	73.3			
	74.9			
	76.8			
	79.3			
	81.2			
	85.8			
	89			
	95.1			
	100.8			
	106.1			
	106.9			
	109			
	113.9			
	119.3			
	123.3			
	131.8			
	133.2			
	135.9			
	137.2			
	139.4			
	150.2			
	151.2			
	168.2			
medroxyprogesterone	137.09	non,CNS	3.9495	60.44
	124.0834			
	137.0954			
	145.1004			
	147.1168			
	159.1159			
	161.132			
	163.111			
	171.1161			
	173.1316			
	175.1469			
	177.1268			
	187.1479			
	189.1265			
	191.1423			
	197.1321			
	199.1474			
	203.1423			
	205.1585			
	213.1635			
	215.1425			
	217.1587			
	225.1629			
	227.1791			
	229.1583			
	231.1748			
	245.1892			
	257.1537			
	267.2102			
	268.2136			
	269.1903			
	275.1637			
	276.1667			
	283.2055			
	284.2131			
	285.2212			
	286.2247			
	291.2103			
	309.2209			
	310.225			
	327.2321			
	328.2353			
	345.2431			
	346.2464			
	347.2485			
methimazole	70.7	non,CNS	-0.1957	47.36
	57.2			
	70.7			
	74.1			
	82.4			
	82.9			
	88.2			
	100.1			
	113			
	115.1			
methotrexate	142	non,CNS	-1.2285	210.54
	120.2			
	142			
	199			
	203.3			
	211.8			
	228.3			
	239.3			
	308.5			
	326.4			
	329.8			
	339.8			
	344.3			
	393.1			
	424			
	455.6			
methoxamine	56.1	non,CNS	0.2438	64.71
	50.1			
	56.1			
	57.1			
	68.8			
	69.3			
	74			
	81.1			
	83.1			
	84.8			
	88.9			
	91.3			
	93			
	95.3			
	98.7			
	104.6			
	104.9			
	107			
	108.4			
	109.1			
	111			
	112.3			
	113.1			
	115.7			
	117.2			
	118			
	119			
	121.3			
	123			
	124.3			
	126.7			
	129.1			
	130			
	131			
	132.1			
	132.9			
	134.1			
	135.1			
	135.9			
	137.1			
	138.2			
	144.1			
	145.2			
	146.5			
	147			
	148.3			
	149.3			
	150.3			
	151.2			
	151.9			
	153.2			
	159			
	160.3			
	161.6			
	162.2			
	163.2			
	164.3			
	165.3			
	166.2			
	167.3			
	170.1			
	175.1			
	177.3			
	179.2			
	180.2			
	194.3			
	195.2			
	212.3			
metvrapone	92.1	non,CNS	1.7933	42.85
	79.3			
	92.1			
	93.1			
	99			
	99.8			
	105.1			
	106			
	107.9			
	110.1			
	112.2			
	115			
	118.4			
	120.2			
	121.3			
	123.1			
	128.1			
	137.1			
	141.3			
	146.3			
	149.1			
	157.2			
	159.2			
	165.2			
	169			
	176.9			
	179.9			
	182.1			
	183.1			
	184.4			
	192.3			
	192.7			
	195.2			
	198.4			
	199.5			
	209.5			
	212.3			
	212.6			
	225			
	225.9			
	227.2			
	228			
	433.8			
milrinone	57.1	non,CNS	0.2446	65.78
	50			
	57.1			
	68.6			
	69.2			
	73			
	73.9			
	78.7			
	81.3			
	83.2			
	85.3			
	88.9			
	89.2			
	93.3			
	95.1			
	99.2			
	101.7			
	106.9			
	109.1			
	111.7			
	112.1			
	113.2			
	121.2			
	122.3			
	129.9			
	133.1			
	135.2			
	137.1			
	139.2			
	147.8			
	149.3			
	151.2			
	152.3			
	162.9			
	167			
	177.1			
	195.2			
	212.1			
minocycline	154.2	non,CNS	-1.102	164.63
	149.7			
	154.2			
	212.6			
	285.4			
	337.6			
	338.7			
	352.5			
	353.7			
	376.2			
	423.5			
	441.7			
	458.7			
minoxidil	60.4	non,CNS	-1.0486	88.94
	59.1			
	60.4			
	69.1			
	69.5			
	73.1			
	80.9			
	83			
	84.2			
	86.3			
	87			
	89.2			
	94			
	95.9			
	96.9			
	97.1			
	98.9			
	100.2			
	102.2			
	105.2			
	107.3			
	109.3			
	110.1			
	111.2			
	112.1			
	114			
	116.3			
	117.3			
	119.8			
	122.1			
	123.2			
	124.3			
	125.1			
	126.2			
	127.3			
	133.1			
	135.4			
	137.1			
	138.2			
	139.3			
	141.1			
	142.2			
	146.9			
	148.5			
	150.2			
	151.3			
	152.3			
	153.5			
	157			
	161.3			
	163.4			
	164.3			
	165.2			
	166.3			
	168.1			
	174.1			
	175.1			
	176.1			
	177.5			
	178.2			
	181.2			
	182.5			
	192.4			
	193.5			
	208			
	208.9			
	210.2			
	225			
nalidixic,acid	72.9	non,CNS	0.5357	70.5
	71.2			
	72.9			
	85.8			
	89			
	97.5			
	98.8			
	100.6			
	101.3			
	103.2			
	105			
	106.9			
	109.1			
	110.3			
	111.3			
	113.2			
	114.5			
	116.8			
	119			
	120.9			
	126.8			
	127.8			
	131.9			
	138.9			
	141.4			
	142.7			
	143.4			
	144.1			
	156.5			
	159			
	159.8			
	169.3			
	175.5			
	187.1			
	205.1			
	215.3			
	216.3			
	233.3			
nimesulide	154.06	non,CNS	1.1823	109.6
	93.0313			
	154.0658			
	156.0821			
	182.0598			
	183.0673			
	184.0769			
	200.0699			
	213.0635			
	214.0714			
	230.0679			
	246.1469			
	262.0598			
	263.0607			
	292.051			
	309.0528			
norfloxacin	276.1	non,CNS	-1.6498	72.88
	256.1427			
	276.15			
	277.1542			
	302.1291			
	303.1324			
	320.1403			
	321.1428			
	322.1454			
norgestimate	370.23	non,CNS	4.644	58.89
	311.2193			
	370.2379			
	371.2413			
	372.244			
novobiocin	125.06	non,CNS	3.27	196.1
	143.0719			
	157.087			
	158.0888			
	186.0781			
	187.0798			
	189.0925			
	191.0966			
	200.0943			
	218.1051			
	219.1086			
	345.1724			
	396.148			
	397.1508			
	613.2512			
omeprazole	151.094	non,CNS	2.092	96.31
	150.0858			
	151.094			
	166.0811			
	168.0963			
	169.0998			
	179.0223			
	180.0418			
	181.0505			
	198.052			
	199.0553			
	200.0483			
ouabain	130.057	non,CNS	-1.4423	206.6
	129.0542			
	130.0576			
	147.0646			
	157.1008			
	319.1681			
	320.1714			
	321.1829			
	331.1682			
	333.1831			
	337.1786			
	338.1821			
	339.1926			
	349.1785			
	350.1818			
	351.1938			
	355.1892			
	356.1926			
	357.2025			
	367.189			
	368.1923			
	369.204			
	370.2076			
	373.1996			
	374.203			
	375.2057			
	385.1996			
	386.2029			
	387.2082			
	403.2101			
	404.2135			
	405.2163			
	421.2205			
	422.2239			
	423.227			
	439.2311			
	440.2345			
	441.2367			
	465.2257			
	477.2253			
	483.2358			
	495.2357			
	496.2396			
	513.2462			
	514.2494			
	531.2567			
	532.2597			
	549.2671			
	550.2702			
	567.2776			
	568.281			
	585.2881			
	586.2916			
	587.294			
oxamniquine	173.083	non,CNS	-1.1156	90.11
	160.0995			
	173.0835			
	174.091			
	176.0944			
	187.0865			
	191.0815			
	193.0607			
	204.0892			
	221.0921			
	222.0952			
	280.1657			
	281.1686			
oxiconazole	123.02	non,CNS	5.429	39.41
	122.0473			
	123.0234			
	124.0266			
	138.9935			
	141.0089			
	142.012			
	143.006			
	149.0585			
	165.0532			
	190.076			
	261.047			
	330.0803			
	331.0833			
	332.0773			
oxytetracycline	226.06	non,CNS	-2.1839	201.85
	337.0705			
	365.0652			
	381.0601			
	398.0896			
	408.1086			
	426.1148			
	443.1435			
	444.1276			
	461.1541			
octocrylene	204.077	non,CNS	5.1991	50.09
	182.0957			
	204.0776			
	232.0747			
	233.0778			
	237.0793			
	238.0815			
	239.0759			
	250.0852			
	251.0891			
	252.0928			
	301.1416			
	303.1695			
	311.0981			
	312.0957			
pentoprazole	139.05	non,CNS	1.5736	105.54
	138.0541			
	139.0574			
	152.0694			
	153.0775			
	154.0485			
	154.0807			
	168.0643			
	170.0801			
	185.051			
	200.037			
	201.0398			
	202.0334			
	215.0074			
	366.0711			
	384.0819			
papervine	171.08	non,CNS	3.443	49.81
	123.0469			
	171.0682			
	172.0726			
	202.0864			
	202.1287			
	295.1206			
	296.1196			
	296.1413			
	310.112			
	324.1234			
	325.1297			
	340.1535			
paromomvcin	163.2	non,CNS	-9.1987	347.32
	161			
	163.2			
	163.6			
	203.4			
	226.4			
	230.2			
	235.6			
	278.7			
	289.1			
	293.2			
	324.6			
	391			
	425.1			
	455.7			
	456.6			
	496.1			
	616.6			
penciclovir	50.1	non,CNS	-1.6358	125.76
	56.9			
	72.2			
	73.3			
	78			
	80.8			
	82.8			
	85.2			
	89			
	89.4			
	99.3			
	103.1			
	106.1			
	106.9			
	118.8			
	119.9			
	121.3			
	123.1			
	124.8			
	128.1			
	132.1			
	135.2			
	145.3			
	146.4			
	149.8			
	152.1			
	155.9			
	161.1			
	163.3			
	168			
	175.2			
	177.1			
	178.2			
	180.4			
	181.4			
	186.9			
	191.2			
	192.3			
	195.1			
	201.5			
	205.1			
	219.3			
	222.2			
	237.4			
	254.4			
perindopril	170.11	non,CNS	-0.0272	95.94
	98.0967			
	170.1177			
	172.1332			
	295.2007			
	369.2385			
phenazopyridine	50.2	non,CNS	2.2091	89.65
	57.3			
	67.1			
	69			
	70.7			
	72.6			
	76.6			
	77			
	78			
	80			
	81.3			
	82.9			
	84.7			
	88.2			
	91.4			
	93.3			
	95.1			
	97.3			
	100.9			
	101.9			
	105.1			
	105.6			
	107			
	107.4			
	108.1			
	109.2			
	110.1			
	111.1			
	112.9			
	115			
	119.2			
	119.5			
	121.1			
	122.2			
	122.9			
	127.3			
	131.9			
	132.9			
	136			
	137.2			
	141.1			
	142.4			
	146.4			
	147			
	150.3			
	152.8			
	153.9			
	155			
	161			
	166.3			
	169.5			
	179			
	182.1			
	196.4			
	197.5			
	198.4			
	214.3			
phenoxybenzamine	89	non,CNS	3.7024	12.47
	70.9			
	89			
	100.8			
	107.4			
	109.1			
	110.1			
	111.3			
	112.2			
	113.4			
	113.8			
	120.5			
	126.7			
	130.1			
	131.8			
	137.8			
	142.3			
	147.4			
	160.1			
	198.2			
	199.4			
	208.3			
	224.9			
	227.2			
	228.1			
	236.3			
	237.1			
	269.7			
	272.2			
	287.4			
	304.8			
phenylbutazone	295.15	non,CNS	2.7425	40.62
	294.1489			
	295.1542			
	307.1573			
pioglitazone	135.17	non,CNS	3.0808	93.59
	134.0956			
	135.1017			
	357.1279			
piperazine	44	non,CNS	-0.563	24.06
	42.8			
	44			
	46.2			
	56.3			
	56.5			
	58.2			
	68.2			
	69			
	69.9			
	85.3			
	87.2			
pralidoxime	60.5	non,CNS	-2.6562	36.47
	59.8			
	60.5			
	62.2			
	77.8			
	79.7			
	82.9			
	92.2			
	93.1			
	95.9			
	101.7			
	105.2			
	108.2			
	109.3			
	110			
	119.1			
	120.1			
	137.3			
praziquantel	175.12	non,CNS	2.5396	40.62
	146.0965			
	175.1229			
	203.1179			
	204.1209			
	285.1959			
	313.1909			
	314.1941			
progesterone	123.08	non,CNS	4.019	34.14
	121.1012			
	123.0809			
	133.1008			
	135.1167			
	137.0964			
	145.1013			
	147.1176			
	159.1174			
	161.1334			
	163.1127			
	171.1171			
	173.1333			
	175.1127			
	175.1489			
	177.128			
	185.1337			
	187.1482			
	189.1276			
	189.1642			
	191.1441			
	201.165			
	203.1431			
	213.1647			
	215.1437			
	215.18			
	219.1753			
	223.1491			
	227.1802			
	229.1602			
	233.1925			
	239.1802			
	241.16			
	245.1909			
	253.1953			
	255.2112			
	256.0921			
	256.2148			
	257.0941			
	257.1908			
	271.2073			
	273.2228			
	274.2263			
	279.2131			
	280.2159			
	297.2228			
	298.2252			
	315.2342			
	316.2371			
	317.24			
pyridoxine	77.4	non,CNS	-0.4837	73.58
	69.2			
	77.4			
	78.8			
	79.9			
	81			
	82			
	83.2			
	83.4			
	91.4			
	93.1			
	93.8			
	95.3			
	96			
	97			
	105.9			
	106.8			
	109.2			
	109.9			
	111			
	121			
	123.1			
	124.2			
	134.1			
	135.1			
	136.8			
	150.3			
	151.2			
	152.3			
	153.3			
	170.1			
raloxifene	476.17	non,CNS	5.5983	98.24
	475.1768			
	476.1755			
ranitidine	84.5	non,CNS	-2.1832	111.89
	83.4			
	84.5			
	85			
	85.8			
	88.1			
	94.9			
	96.9			
	98			
	99.1			
	100.8			
	101.9			
	104.2			
	105			
	106.7			
	108.2			
	109.1			
	110.2			
	111.2			
	113.1			
	114			
	115.2			
	117.2			
	117.9			
	121.2			
	122.3			
	124.2			
	125			
	127.3			
	129.1			
	130.1			
	131.7			
	135.2			
	136.1			
	137.3			
	138			
	140.2			
	141.9			
	144.1			
	144.9			
	146.1			
	147			
	149.2			
	150.1			
	153.1			
	154.2			
	156.3			
	158			
	160.1			
	160.8			
	163.4			
	164.1			
	165.4			
	167.1			
	169.2			
	170.3			
	175.2			
	176.2			
	177.3			
	178.1			
	181.1			
	182.3			
	185.3			
	188.3			
	191.4			
	192.6			
	193.3			
	194.8			
	195.3			
	196.3			
	197.2			
	199.1			
	205			
	207.1			
	209.3			
	210.1			
	211.1			
	212.3			
	213			
	215.2			
	219			
	222.1			
	223.6			
	224.2			
	227.1			
	235			
	239.4			
	240.5			
	241.4			
	252.2			
	252.4			
	254.2			
	256.7			
	270.5			
	272.1			
	281.4			
	284.4			
	285.9			
	297.3			
	298.9			
	315.5			
repaglinide	230.19	non,CNS	4.5828	78.87
	163.1319			
	230.1923			
	231.1955			
	292.1568			
	293.1601			
	453.2795			
	454.2824			
	455.2847			
rifaximin	756.32	non,CNS	5.8431	198.38
	755.3186			
	756.3211			
	756.3325			
	786.3392			
	787.3482			
ritonavir	197.07	non,CNS	4.7152	202.26
	171.0957			
	197.0748			
	268.1495			
	269.1524			
	296.1447			
	297.1475			
	426.1875			
	427.1901			
	428.1888			
	551.2372			
	721.3253			
	722.3276			
	723.326			
rolitetracycline	428.13	non,CNS	-0.4701	170.87
	410.1225			
	428.1322			
salmeterol	133.01	non,CNS	3.9151	81.95
	131.0863			
	133.1001			
	135.0816			
	148.0767			
	230.1537			
	232.1685			
	248.1635			
	380.2584			
	398.2691			
	416.2791			
sitagliptin	127.03	non,CNS	1.5969	77.04
	154.0472			
	174.0528			
	175.0558			
	193.0706			
	235.0815			
	236.0835			
	237.0799			
	237.091			
	391.101			
	392.1029			
	408.1282			
	409.1307			
sotalol	135.08	non,CNS	0.1903	86.81
	134.082			
	135.0851			
	176.1293			
	177.1324			
	198.0569			
	213.0682			
	214.0709			
	215.0648			
	255.1154			
	256.1181			
	257.1114			
	273.1253			
specitinomycin	110.2	non,CNS	-3.1536	129.51
	100			
	110.2			
	114.9			
	116.1			
	117.1			
	131.8			
	133.2			
	140			
	150.4			
	152.9			
	157.9			
	170.8			
	175.1			
	176.1			
	180.4			
	185.3			
	185.9			
	189.4			
	197.6			
	203.6			
	241.3			
	242.2			
	260.3			
	304.3			
	316.7			
	333.7			
spermine	62.8	non,CNS	-0.9876	76.1
	58.1			
	62.8			
	69.2			
	71.3			
	72			
	72.9			
	74.9			
	76.9			
	83.4			
	84.4			
	87.3			
	88.4			
	97.9			
	98.3			
	99.3			
	101.7			
	104.8			
	109.3			
	112.2			
	115			
	120.8			
	122.3			
	126.3			
	126.9			
	129.1			
	131.8			
	132.3			
	143.3			
	157			
	158.4			
	168.2			
	170.7			
	186			
	203.4			
streptomycin	180.4	non,CNS	-8.2075	331.43
	163.2			
	180.4			
	283.2			
	350.2			
	395.1			
	421.5			
	429.1			
	461.4			
	564.2			
	582.7			
	614.6			
succinylcholine	58.4	non,CNS	-6.2868	52.6
	55			
	58.4			
	60.1			
	62.8			
	65.5			
	67			
	71.1			
	71.8			
	72.9			
	73.9			
	79.8			
	80.9			
	83.1			
	84.9			
	86.2			
	93.5			
	98.5			
	100.1			
	102.7			
	104.1			
	110.2			
	113			
	115.8			
	127.1			
	128.2			
	145.3			
	157.9			
	170.9			
	186			
	203.9			
sulfadiazine	158	non,CNS	0.0877	106.35
	157.0141			
	158.0043			
	174.0231			
	176.0121			
	185.0813			
	251.0607			
	252.0634			
sulfadimethoxine	140.04	non,CNS	0.6505	124.81
	141.0515			
	154.0604			
	155.0683			
	156.0107			
	156.0763			
	157.0134			
	157.0794			
	158.0069			
	218.0242			
	245.1032			
	246.1061			
	311.0811			
	312.0835			
	313.0796			
sulfamethazine	125.089	non,CNS	0.8835	106.35
	124.0861			
	125.0892			
	149.0227			
	156.0104			
	157.0129			
	158.0061			
	174.0209			
	186.0321			
	187.0346			
	188.0285			
	204.0431			
	213.1128			
	214.1159			
	215.1281			
	279.0909			
sulfamoxole	80.04	non,CNS	1.0191	106.6
	70.0641			
	80.0475			
	92.0475			
	108.0417			
	112.0608			
	113.068			
	156.0074			
sulfanilamide	71.2	non,CNS	-0.2537	94.56
	69.1			
	71.2			
	72			
	80.9			
	81.3			
	82.3			
	84.9			
	88.9			
	91.9			
	93.5			
	96			
	96.5			
	100.2			
	104.8			
	107.9			
	109.8			
	111.9			
	114.1			
	114.8			
	120.2			
	122.8			
	128.9			
	138.2			
	146.3			
	155.9			
	173.3			
	187.9			
sulfathiazole	93.1	non,CNS	0.9067	121.7
	92			
	93.1			
	95			
	95.3			
	101			
	104.9			
	108.2			
	111.1			
	119.4			
	137.5			
	142.3			
	142.8			
	147.9			
	156.1			
	163.3			
	182.9			
	190.2			
	203.4			
	221.5			
	239.4			
	256.2			
telmisartan	517.12	non,CNS	6.3757	72.94
	516.2518			
	517.2547			
terbinafine	115.05	non,CNS	5.3193	3.24
	121.1005			
	141.0698			
	143.0754			
	150.1268			
	170.0954			
	179.0842			
	205.1003			
	261.1629			
	292.2059			
	293.209			
terbutaline	64.4	non,CNS	0.8308	72.72
	57.2			
	64.4			
	67.7			
	81.2			
	82.1			
	83.1			
	85.9			
	88.1			
	91.9			
	99.9			
	105.2			
	105.8			
	107.3			
	109.3			
	110.1			
	114.5			
	121			
	125.2			
	131.9			
	134.2			
	135.3			
	137.2			
	143.8			
	146.9			
	148.9			
	152.1			
	154.2			
	163.1			
	165.9			
	170.4			
	191.4			
	194.3			
	208.2			
	209.3			
	226.2			
thiabendazole	70.9	non,CNS	1.7705	69.81
	60			
	70.9			
	73.1			
	83.8			
	84.9			
	87.8			
	99			
	104			
	113.2			
	120.7			
	120.9			
	123.3			
	124.9			
	126.2			
	135.4			
	137.4			
	138.2			
	141.7			
	142.3			
	143			
	148.9			
	152.2			
	166.4			
	167.3			
	170			
	175.2			
	184.2			
	185.5			
	202.3			
timolol	56.4	non,CNS	1.0507	107.98
	57.2			
	74			
	80.5			
	85.9			
	99.8			
	103.7			
	104.9			
	112			
	113			
	114.6			
	120.3			
	130.2			
	131.1			
	143.3			
	144.1			
	152.7			
	156.7			
	158.2			
	166.1			
	171.8			
	172.2			
	175.2			
	183.1			
	188.2			
	197			
	200.3			
	201.4			
	202.1			
	205.1			
	209.2			
	214.1			
	219.6			
	225.1			
	226.9			
	232.3			
	240.4			
	241.3			
	243.3			
	244.3			
	258.5			
	259.2			
	261.2			
	282.2			
	299.5			
	300.5			
	317.5			
	477.5			
tioconazole	131.9	non,CNS	4.2335	55.29
	130.7			
	131.9			
	142.3			
	151.1			
	168.5			
	207.1			
	208.2			
	256.2			
	284			
	387.3			
torasemide	265.08	non,CNS	2.2097	108.57
	264.08			
	265.0826			
	266.0766			
	290.0592			
	291.0619			
	292.0566			
	349.1336			
trimethoprim	142.9	non,CNS	1.0686	105.51
	138.9			
	142.9			
	152.3			
	157			
	159.7			
	160.5			
	161.3			
	170.7			
	174.8			
	179.4			
	181.2			
	190			
	201.3			
	211.8			
	214			
	218			
	229.8			
	230.1			
	231.6			
	233.3			
	238.4			
	244.5			
	247.6			
	257.3			
	258.5			
	259.7			
	261.3			
	274.7			
	275.5			
	276.5			
	291.4			
valsartan	190.06	non,CNS	3.79	112.07
	180.0804			
	190.0634			
	191.0701			
	194.0954			
	206.0835			
	207.0904			
	208.0928			
	210.0897			
	235.0966			
	236.0991			
	237.1057			
	291.1492			
	292.1522			
	293.1584			
	306.1703			
	307.1723			
	352.1762			
	353.1795			
	354.1789			
	362.2224			
	363.2247			
	390.2285			
	408.2276			
	409.2325			
	418.2229			
	419.2279			
vildagliptin	151.11	non,CNS	0.5612	76.36
	133.1016			
	151.1124			
	152.1157			
	154.0984			
	155.1014			
	304.2048			
	305.2074			
	306.2097			
warfarin	147.078	non,CNS	3.2806	63.6
	129.069			
	147.0798			
	148.0828			
	163.0383			
	164.0415			
	183.0795			
	189.0538			
	191.0332			
	251.0704			
	252.0733			
	253.076			
	291.1013			
	309.1116			
	310.1145			
zalcitabine	50.1	non,CNS	-1.3304	88.15
	44.8			
	50.1			
	55			
	57.3			
	59			
	68			
	69.3			
	71			
	71.4			
	73			
	81			
	83			
	84.9			
	89.1			
	93.3			
	94			
	95			
	97.1			
	100.1			
	100.9			
	107.1			
	109.1			
	112.1			
	113.4			
	119.1			
	121			
	122.1			
	124.8			
	129.9			
	132.9			
	134.9			
	137.4			
	139.1			
	147.8			
	149.1			
	152.8			
	155.9			
	163			
	167.2			
	177.2			
	195.3			
	212.1			
