mz	logp	psa
71.15081	5.383700000000001	76.66000000
71.42556
73.421066
74.285843
79.407082
84.926048
84.969307
84.990303
85.010551
86.466293
87.558342
88.444153
90.432709
91.492584
92.137222
92.29471
93.014435
94.30793
100.39444
103.555786
105.281837
105.837868
109.412933
110.041183
113.021103
113.023094
116.271843
119.605927
125.898232
127.10337
134.028748
135.191635
136.020599
137.009674
140.468719
140.998825
143.580566
156.002716
156.026733
156.030441
157.3142
157.466446
162.982712
164.015381
165.348785
165.994003
167.986053
182.98912
201.073257
213.794495
216.046967
216.253448
216.757324
217.37236
234.190186
236.971664
251.026581
260.015839
260.999695
262.007751
269.03714
278.592285
287.00293
294.131714
305.014526
307.596436
307.983154
307.992126
332.987549
364.995331
372.703644
385.001587
392.6279
426.669586
427.993896
431.086182
435.022552
439.34262
445.90087
448.00042
450.992493
455.030304
459.8092
470.998352
490.729553
491.005493
