mz	logp	psa
130.057	-1.4423	206.6
129.0542		
130.0576		
147.0646		
157.1008		
319.1681		
320.1714		
321.1829		
331.1682		
333.1831		
337.1786		
338.1821		
339.1926		
349.1785		
350.1818		
351.1938		
355.1892		
356.1926		
357.2025		
367.189		
368.1923		
369.204		
370.2076		
373.1996		
374.203		
375.2057		
385.1996		
386.2029		
387.2082		
403.2101		
404.2135		
405.2163		
421.2205		
422.2239		
423.227		
439.2311		
440.2345		
441.2367		
465.2257		
477.2253		
483.2358		
495.2357		
496.2396		
513.2462		
514.2494		
531.2567		
532.2597		
549.2671		
550.2702		
567.2776		
568.281		
585.2881		
586.2916		
587.294		
