mz	logp	psa
100.1106	4.1329	44.33
112.1117		
127.0559		
130.0649		
154.0644		
155.0751		
156.0819		
158.1045		
165.0728		
166.0761		
167.0706		
168.0797		
169.0793		
170.0939		
172.1191		
176.9878		
179.083		
180.0798		
181.0923		
182.0943		
183.0932		
191.0841		
192.0768		
193.0864		
194.0987		
195.1012		
196.1108		
198.1257		
206.0973		
208.1107		
208.1477		
208.175		
208.2439		
210.1245		
211.1208		
212.1277		
225.1326		
239.1506		
244.1134		
246.1287		
256.1155		
258.128		
267.1815		
313.1652		
315.1871		
