mz	logp	psa
123.08	4.019	34.14
121.1012		
123.0809		
133.1008		
135.1167		
137.0964		
145.1013		
147.1176		
159.1174		
161.1334		
163.1127		
171.1171		
173.1333		
175.1127		
175.1489		
177.128		
185.1337		
187.1482		
189.1276		
189.1642		
191.1441		
201.165		
203.1431		
213.1647		
215.1437		
215.18		
219.1753		
223.1491		
227.1802		
229.1602		
233.1925		
239.1802		
241.16		
245.1909		
253.1953		
255.2112		
256.0921		
256.2148		
257.0941		
257.1908		
271.2073		
273.2228		
274.2263		
279.2131		
280.2159		
297.2228		
298.2252		
315.2342		
316.2371		
317.24		
