mz	logp	psa
71.990753	3.33929000000	53.84
72.986
74.6704
75.7245
86.6421
87.1462
91.9272
92.643
98.9893
99.9972
100.024
102.9289
105.755
108.5279
109.666
110.036
111.1277
111.9975
114.0131
118.0411
119.024
120.0566
122.036
123.9975
125.006
125.016
134.0361
146.036
146.0383
147.0437
147.086
148.0518
149.925
152.029
152.1856
153.0004
153.013
156.024017
158.988098
159.949387
162.1854
163.51597
178.0088
178.9105
179.42633
180.0239
181.0322
182.851
183.004
183.1507
184.183
216
218.7484
219.0333
220.0538
222.8254
247.0648
250.02146
252.7882
254.8402
264.0369
266.0167
270.0698
274.0754
278.0164
306.048
335.9962
340.6187
342.02438
342.1924
