mz	logp	psa
70.2422	0.67564	51.8
72.31383
76.562538
80.0382
80.955841
92.99556
96.061867
103.682373
108.990814
111.996147
112.985802
114.23338
116.9959
118.20037
121.38207
123.439339
128.7212
128.9959
130.89753
141.091
142.99288
144.91659
146.82453
154.642
154.9929
155.986
166.993
169.0271
170.987
178.9928
186.999
190.1696
190.9931
192.9895
194.9879
197.002352
204.9893
205.0089
205.0695
206.9874
207.0058
210.314
212.997
214.993
216.9897
217.0095
221.002
222.9998
224.861
224.996
228.022
228.9897
229.0769
232.231
232.9847
233.003
234.998
236.9957
240.9918
241.00872
244.9849
246.8182
250.9945
251.0756
252.99
254.9867
255.0062
256.9847
257.0022
260.98
260.99829
261.01501
268.85104
269.2654
271.0005
271.1264
272.979
272.9959
273.016
276.1811
280.9849
281.0039
281.0218
283.048
291.24755
292.984
293.00222
300.991
301.0105
307.7257
312.247
312.8412
313.827
320.978
320.997
321.0177
340.9843
341.0033
341.026
353.2459
