mz	logp	psa
84.5	-2.1832	111.89
83.4		
84.5		
85		
85.8		
88.1		
94.9		
96.9		
98		
99.1		
100.8		
101.9		
104.2		
105		
106.7		
108.2		
109.1		
110.2		
111.2		
113.1		
114		
115.2		
117.2		
117.9		
121.2		
122.3		
124.2		
125		
127.3		
129.1		
130.1		
131.7		
135.2		
136.1		
137.3		
138		
140.2		
141.9		
144.1		
144.9		
146.1		
147		
149.2		
150.1		
153.1		
154.2		
156.3		
158		
160.1		
160.8		
163.4		
164.1		
165.4		
167.1		
169.2		
170.3		
175.2		
176.2		
177.3		
178.1		
181.1		
182.3		
185.3		
188.3		
191.4		
192.6		
193.3		
194.8		
195.3		
196.3		
197.2		
199.1		
205		
207.1		
209.3		
210.1		
211.1		
212.3		
213		
215.2		
219		
222.1		
223.6		
224.2		
227.1		
235		
239.4		
240.5		
241.4		
252.2		
252.4		
254.2		
256.7		
270.5		
272.1		
281.4		
284.4		
285.9		
297.3		
298.9		
315.5		
