mz	logp	psa
70.498665	4.5117	58.2
73.007629
73.983109
77.169456
77.593979
86.825081
88.434479
93.014229
102.833138
103.805115
104.114792
106.080719
113.020836
113.022507
127.510056
132.034164
139.963959
140.341675
146.950302
146.961319
150.896942
156.026733
174.956116
194.589447
195.879333
195.883224
195.954086
196.026337
218.954071
219.360291
220.94902
221.933517
235.545593
242.943573
258.987915
262.157654
262.958679
265.524475
267.954254
278.99408
279.979065
280.969299
286.400848
290.954193
290.987152
294.9646
302.978394
315.955353
318.949158
320.988678
322.985504
335.962555
338.95507
358.961243
378.96832
