mz	logp	psa
72.17837	1.792199	100.720000
72.33523
72.5466
73.37914
73.55145
73.8014
74.8859
75.0275
78.8558
79.52279
82.8955
85.1296
86.9864
87.31983
90.4802
92.9367
92.9956
93.8015
95.4138
101.0401
104.6948
108.9551
108.991
116.9961
117.04596
132.0568
132.0596
134.81663
139.2243
140.74978
148.96792
148.9705
149.0132
149.01797
149.067
157.05206
158.0363
158.7766
161.6932
166.99246
168.7294
168.9906
170.9877
174.0132
188.9971
189.014
190.06263
204.99
209.0032
212.7346
212.9975
214.994
216.9897
224.0505
228.989
230.9862
231.94825
232.9845
236.9958
238.1454
240.989
250.6939
252.8157
252.99
254.98677
257.00198
257.8729
260.9788
260.995
272.9788
272.996
273.0163
277.0078
280.9848
296.90579
300.9915
301.00955
308.8937
320.9793
320.99
333.5081
340.98706
341.00347
341.0228
343.3389
364.669
