mz	logp	psa
70.3027	3.12430000000	57.01000
70.63094
73.37842
75.11024
76.01549
77.43006
78.3357
84.75001
86.1624
89.36950
91.468521
91.604546
97.19888
98.19104
99.938492
101.49642
108.990799
118.232361
130.620239
138.983185
155.986084
159.380981
164.758972
166.97830
167.98623
174.95994
176.523972
180.9941
182.220261
182.973282
185.084991
187.9424
188.227539
191.996048
194.001831
195.009872
200.108551
201.94702
202.950455
207.009308
212.00228
212.07185
213.080231
213.215988
218.78288
219.99113
220.01744
221.02542
223.11990
228.103424
233.98806
234.20379
239.9968
248.04866
249.05671
256.09796
260.00293
263.96469
264.06845
264.07965
264.19265
266.89956
279.99023
280.010223
299.91665
299.98071
300.05706
300.19274
