mz	logp	psa
72.815125	4.20050	67.43
73.359489
76.59541
79.027885
81.83853
84.99029
90.248634
93.969177
97.547714
106.029968
107.03775
107.199173
108.57618
110.041199
116.264999
119.208633
121.417252
135.039307
141.21426
147.499725
148.209137
152.356674
153.954041
153.956757
154.006607
154.058273
158.906799
161.916306
163.944672
176.032806
179.88194
186.695587
190.733627
201.02864
214.737564
251.343781
269.077972
269.81424
284.895416
300.026276
314.020233
321.049011
324.972351
344.995422
345.826599
356.997284
357.026062
